best_fit_L2:
  parameters: [5.874331541144685e-07, 8824477633.07525, 60520766.71069815, 14519330.194371697,
    3.7082317508082493e-22, 9.47805964425192e-15, 1.2138842833623435e-06, 1.8746235105447592e-06]
  parameters_log: [-14.34750337763225, 22.900795246294354, 17.918497115520278, 16.4909914364327,
    -49.34631689990048, -32.289796778469714, -13.621685188352481, -13.187102713079918]
  parameters_log10: [-6.231041545993954, 9.945689006661858, 7.781904421269791, 7.161946581956503,
    -21.430833131875957, -14.023280562666795, -5.91582271152474, -5.727085940582009]
estimated_distributions:
- {mu: 6.03202806951357e-07, mu_log10: -6.276772434895995, name: storativity, sigma: 2.947522303586956e-07,
  sigma_log10: 0.22825971582106164}
- {mu: 11737300333.037722, mu_log10: 10.012868988197066, name: young_modulus, sigma: 5662415039.681257,
  sigma_log10: 0.22843121510761977}
- {mu: 54419760.613047175, mu_log10: 7.7338570401416336, name: init_stress_x, sigma: 5032689.055521287,
  sigma_log10: 0.04086695625338377}
- {mu: 10426107.39395469, mu_log10: 6.983730837737019, name: init_stress_y, sigma: 3766372.758030524,
  sigma_log10: 0.18434437140236795}
- {mu: 5.842615394716743e-22, mu_log10: -21.314516311306225, name: perm_kr, sigma: 3.351352860112836e-22,
  sigma_log10: 0.27867947464870135}
- {mu: 1.7736844211866504e-15, mu_log10: -14.985646989111068, name: perm_km, sigma: 1.6481086381779614e-15,
  sigma_log10: 0.4885860654099996}
- {mu: 2.789868120481475e-06, mu_log10: -5.627699196169738, name: perm_beta, sigma: 1.4075112896396349e-06,
  sigma_log10: 0.27779685381053876}
- {mu: 2.604562897032045e-06, mu_log10: -5.620648406785289, name: perm_gamma, sigma: 1.217725496595704e-06,
  sigma_log10: 0.169256709449661}
mode: [5.085823307237731e-07, 11554088517.945345, 58343691.39116558, 9777868.68731356,
  2.9994928977607218e-22, 1.816124134962384e-15, 1.934584328264871e-06, 1.6993632790610383e-06]
no chains: 38
no parameters: 8
samplers_list:
- N samples [a, r, pr, all]: [69, 5735, 0, 5804]
  SD: [8.960638276235121e-08, 1590087661.106056, 3838318.2130450616, 2655996.959850552,
    2.3282961022918925e-22, 1.5759322305249042e-15, 7.044708243476463e-07, 6.472644907257144e-07]
  SD_log10: [0.07617827249442882, 0.0614040781177793, 0.03259383523426973, 0.10405815894388334,
    0.16025604981615096, 0.22617514704173186, 0.14951325121331221, 0.11166727725620966]
  acceptance ratio [a/r, a/all]: [0.012031386224934612, 0.011888352860096485]
  accepted,rejected,pre-rejected,sum,seed:
  - [4, 301, 0, 305, 2]
  - [4, 303, 0, 307, 1002]
  - [2, 292, 0, 294, 10002]
  - [3, 306, 0, 309, 11002]
  - [2, 308, 0, 310, 12002]
  - [12, 293, 0, 305, 13002]
  - [3, 304, 0, 307, 14002]
  - [4, 299, 0, 303, 15002]
  - [4, 305, 0, 309, 16002]
  - [2, 307, 0, 309, 17002]
  - [5, 301, 0, 306, 18002]
  - [2, 311, 0, 313, 2002]
  - [4, 294, 0, 298, 3002]
  - [6, 302, 0, 308, 4002]
  - [1, 314, 0, 315, 5002]
  - [4, 307, 0, 311, 6002]
  - [1, 288, 0, 289, 7002]
  - [4, 293, 0, 297, 8002]
  - [2, 307, 0, 309, 9002]
  corr:
  - [1.0, -0.7849068215202893, 0.19840984164199835, -0.3746603062069608, -0.10992252653745785,
    -0.2972373713057467, 0.19373017931420555, 0.17348913719855233]
  - [-0.7849068215202893, 1.0, 0.035613349786457665, 0.07902748046888365, -0.21996268232980914,
    0.088796041184742, -0.1692699794618048, -0.04018161390439036]
  - [0.19840984164199832, 0.035613349786457665, 1.0, 0.3630083777409658, -0.8359404101812761,
    -0.3186947421144731, -0.5068039492425332, -0.06703147245889009]
  - [-0.37466030620696084, 0.07902748046888365, 0.3630083777409658, 0.9999999999999998,
    -0.2171841953947952, 0.19950711253869255, -0.4835775284583217, -0.30298870328166694]
  - [-0.10992252653745786, -0.21996268232980917, -0.8359404101812761, -0.2171841953947952,
    0.9999999999999998, 0.38579763529427824, 0.5965883221500866, -0.15446475073112215]
  - [-0.2972373713057466, 0.088796041184742, -0.3186947421144731, 0.19950711253869258,
    0.3857976352942783, 1.0, -0.011362108703345721, 0.030893891763419116]
  - [0.19373017931420555, -0.1692699794618048, -0.5068039492425332, -0.48357752845832164,
    0.5965883221500866, -0.011362108703345721, 1.0, -0.19846766867853757]
  - [0.1734891371985523, -0.04018161390439036, -0.06703147245889009, -0.302988703281667,
    -0.15446475073112215, 0.03089389176341912, -0.19846766867853757, 1.0]
  corr_log10:
  - [1.0, -0.7819601557825707, 0.20462028780281666, -0.37145637217819966, 0.02199232305533459,
    -0.2607798681771166, 0.1712348791753776, 0.2327360113521559]
  - [-0.7819601557825707, 1.0, 0.01511479837156744, 0.05056315863795791, -0.35697120338339,
    0.0979735612961148, -0.07382072463218474, -0.07077935532175686]
  - [0.20462028780281669, 0.01511479837156744, 1.0, 0.3606459773687851, -0.8215342626043866,
    -0.2621573714864633, -0.4251381147472867, -0.02300758990761082]
  - [-0.37145637217819966, 0.05056315863795792, 0.3606459773687851, 1.0, -0.25352471754147177,
    0.164845459958439, -0.5352399826144675, -0.3316267629214059]
  - [0.021992323055334592, -0.35697120338339, -0.8215342626043867, -0.2535247175414717,
    1.0, 0.20338604711626507, 0.4847164727419752, -0.12583382695256137]
  - [-0.2607798681771167, 0.0979735612961148, -0.2621573714864633, 0.164845459958439,
    0.20338604711626507, 1.0, -0.12446350981881776, -0.035052861227442944]
  - [0.17123487917537764, -0.07382072463218474, -0.4251381147472867, -0.5352399826144675,
    0.48471647274197516, -0.12446350981881776, 1.0, -0.2064216030890373]
  - [0.2327360113521559, -0.07077935532175686, -0.02300758990761082, -0.3316267629214059,
    -0.12583382695256137, -0.03505286122744295, -0.20642160308903726, 1.0]
  cov:
  - [8.030682963294515e-15, -111.85430561041115, 0.06825236777675074, -0.08918232542425321,
    -2.293709683801577e-30, -4.198116483257172e-23, 1.223133404033162e-14, 1.0063929928480373e-14]
  - [-111.85430561041115, 2.528813050106472e+18, 217394953597329.16, 333811555282027.94,
    -8.144845952227525e-14, 2.2254958981396386e-07, -189.6437828004747, -41.36231282470644]
  - [0.06825236777675074, 217394953597329.16, 14735217224467.078, 3701346876235.9175,
    -7.471866381501261e-16, -1.9280931065639655e-09, -1.3706247434448315, -0.16656206915606667]
  - [-0.08918232542425321, 333811555282027.94, 3701346876235.9175, 7055531516803.807,
    -1.3432863200685367e-16, 8.352146115130575e-10, -0.9049639631538686, -0.5209672000264399]
  - [-2.293709683801577e-30, -8.144845952227525e-14, -7.471866381501261e-16, -1.3432863200685367e-16,
    5.421893856873309e-44, 1.4158260514554115e-37, 9.787021890581714e-29, -2.328219755886699e-29]
  - [-4.198116483257172e-23, 2.2254958981396386e-07, -1.9280931065639655e-09, 8.352146115130575e-10,
    1.4158260514554115e-37, 2.4839889775490952e-30, -1.2616360154485048e-23, 3.151857174966704e-23]
  - [1.223133404033162e-14, -189.6437828004747, -1.3706247434448315, -0.9049639631538686,
    9.787021890581714e-29, -1.2616360154485048e-23, 4.963643843945656e-13, -9.051262302920109e-14]
  - [1.0063929928480373e-14, -41.36231282470644, -0.16656206915606667, -0.5209672000264399,
    -2.328219755886699e-29, 3.151857174966704e-23, -9.051262302920109e-14, 4.19023280988928e-13]
  cov_log10:
  - [0.005804125958943626, -0.003658369341772761, 0.0005081475849469625, -0.002945029569137664,
    0.0002685290335741651, -0.004493912909392076, 0.0019506422473619409, 0.001980136927442122]
  - [-0.003658369341772761, 0.0037711084324434634, 3.0255868816369716e-05, 0.00032313361446211967,
    -0.0035133338607255104, 0.0013608980149957554, -0.0006778440589193216, -0.000485405099079425]
  - [0.0005081475849469625, 3.0255868816369716e-05, 0.0010625405683284163, 0.001223396644816525,
    -0.004291905677789024, -0.0019329339323341731, -0.0020721432841796306, -8.375429930562932e-05]
  - [-0.002945029569137664, 0.00032313361446211967, 0.001223396644816525, 0.010829960302021708,
    -0.004228491558234122, 0.0038803651799533857, -0.008328733391313481, -0.00385412881279829]
  - [0.0002685290335741651, -0.0035133338607255104, -0.004291905677789024, -0.004228491558234122,
    0.02568641270183468, 0.007373183789497858, 0.011615996891897512, -0.0022522280055169634]
  - [-0.004493912909392076, 0.0013608980149957554, -0.0019329339323341731, 0.0038803651799533857,
    0.007373183789497858, 0.05116398367269562, -0.004209603574791319, -0.0008854598446863128]
  - [0.0019506422473619409, -0.0006778440589193216, -0.0020721432841796306, -0.008328733391313481,
    0.011615996891897512, -0.004209603574791319, 0.02235805189886825, -0.0034469528907970616]
  - [0.001980136927442122, -0.000485405099079425, -8.375429930562932e-05, -0.00385412881279829,
    -0.0022522280055169634, -0.0008854598446863128, -0.0034469528907970616, 0.012471722613458951]
  length of chains: [306, 308, 295, 310, 311, 306, 308, 304, 310, 310, 307, 314, 299,
    309, 316, 312, 290, 298, 310]
  max_samples: 10000
  mean: [4.961311294413619e-07, 11723306393.022772, 57457874.76027743, 10716401.286301544,
    3.6385041792557e-22, 2.4485229378660315e-15, 2.0984840663131107e-06, 2.526073415907411e-06]
  mean_log10: [-6.304403522569806, 10.069050115584059, 7.759349558360531, 7.03004896782936,
    -21.43907712190327, -14.611095823137704, -5.678094324016734, -5.597554031587442]
  proposal_std: 0.1
  surrogate_is_updated: true
  time_limit: 10800
  type: MH
- N samples [a, r, pr, all]: [18, 13973, 330008, 343999]
  SD: [1.5045412845977927e-07, 3667026515.6325793, 3654022.3582285824, 3848230.3194297706,
    3.302121967108318e-22, 1.8486450350285847e-15, 1.225524884654076e-06, 8.389296835972604e-07]
  SD_log10: [0.13387644948702407, 0.13284576199121464, 0.02965525773990614, 0.17734845038288474,
    0.23384740940848825, 0.3576105458764885, 0.2648441181044062, 0.14899803761363145]
  acceptance ratio [a/r, a/all]: [0.0012881986688613755, 5.232573350503926e-05]
  accepted,rejected,pre-rejected,sum,seed:
  - [0, 853, 4781, 5634, 3]
  - [0, 848, 8870, 9718, 1003]
  - [0, 789, 17022, 17811, 10003]
  - [0, 846, 10039, 10885, 11003]
  - [0, 860, 4453, 5313, 12003]
  - [1, 794, 18491, 19286, 13003]
  - [0, 831, 9717, 10548, 14003]
  - [0, 804, 15182, 15986, 15003]
  - [0, 831, 22405, 23236, 16003]
  - [5, 186, 29809, 30000, 17003]
  - [8, 305, 29687, 30000, 18003]
  - [0, 843, 16432, 17275, 2003]
  - [0, 839, 4995, 5834, 3003]
  - [0, 829, 18731, 19560, 4003]
  - [0, 827, 16632, 17459, 5003]
  - [0, 812, 29188, 30000, 6003]
  - [0, 793, 19753, 20546, 7003]
  - [0, 782, 24126, 24908, 8003]
  - [4, 301, 29695, 30000, 9003]
  corr:
  - [1.0, -0.8538809545846671, 0.2496213211570635, 0.07512100639175649, 0.2455831664967855,
    -0.25920645967117417, 0.15084765904108427, 0.10320797514247516]
  - [-0.853880954584667, 1.0, -0.2614059906801859, -0.4283506233319518, -0.3774317256383497,
    -0.016906246543711208, -0.25033507227339585, -0.009939536708812289]
  - [0.24962132115706348, -0.2614059906801859, 1.0, 0.2899391942151754, -0.6875494013565044,
    -0.06838975990741918, -0.5050654578431528, 0.09477409966577707]
  - [0.07512100639175649, -0.4283506233319518, 0.2899391942151754, 1.0, 0.20419387954088825,
    0.27456364644287207, 0.20669076379604215, -0.3265491310663807]
  - [0.24558316649678547, -0.3774317256383497, -0.6875494013565046, 0.20419387954088825,
    1.0, 0.14796822488892444, 0.6981490918122896, -0.29571317879737025]
  - [-0.25920645967117417, -0.016906246543711208, -0.06838975990741918, 0.27456364644287207,
    0.14796822488892442, 1.0, -0.05532724952724909, 0.06220371577161908]
  - [0.1508476590410843, -0.25033507227339585, -0.5050654578431528, 0.20669076379604215,
    0.6981490918122896, -0.05532724952724909, 1.0, -0.4207841559509417]
  - [0.10320797514247518, -0.009939536708812289, 0.09477409966577707, -0.3265491310663808,
    -0.2957131787973703, 0.06220371577161909, -0.42078415595094165, 0.9999999999999999]
  corr_log10:
  - [1.0, -0.9004469074845632, 0.3195088772690173, 0.17454393028245027, 0.2701009813360436,
    -0.3881615784033629, 0.1605601587557352, 0.2458370952778925]
  - [-0.9004469074845632, 1.0, -0.19192341833484197, -0.47113444151562434, -0.5357749834084522,
    0.3315460167286668, -0.30887616143115554, -0.055021105306426975]
  - [0.31950887726901733, -0.19192341833484194, 1.0, 0.23265960005063763, -0.6457495979000444,
    -0.031780127782664196, -0.40245058816774115, 0.1566507471481603]
  - [0.17454393028245027, -0.4711344415156244, 0.23265960005063763, 1.0, 0.3505805402863602,
    0.06394829014076638, 0.2950543427880852, -0.3331955481091299]
  - [0.27010098133604366, -0.5357749834084522, -0.6457495979000443, 0.35058054028636015,
    0.9999999999999999, -0.23147137342883525, 0.7094720382857711, -0.32332557122017724]
  - [-0.3881615784033629, 0.3315460167286668, -0.03178012778266419, 0.06394829014076638,
    -0.23147137342883525, 0.9999999999999999, -0.2726710308409031, -0.0055226569655957205]
  - [0.1605601587557352, -0.30887616143115554, -0.40245058816774115, 0.2950543427880851,
    0.7094720382857711, -0.27267103084090316, 1.0, -0.4306499626457394]
  - [0.24583709527789246, -0.05502110530642697, 0.1566507471481603, -0.3331955481091299,
    -0.32332557122017724, -0.005522656965595721, -0.43064996264573935, 1.0]
  cov:
  - [2.2636510571071397e-14, -471.1039535617432, 0.1372329027107891, 0.04349384738028409,
    1.2201046345165996e-29, -7.209492938420793e-23, 2.7814168463229566e-14, 1.3026993321670822e-14]
  - [-471.1039535617432, 1.3447122554762672e+19, -3502692796695267.0, -6044714215219038.0,
    -4.570322279250681e-13, -1.1460829176386992e-07, -1125.0171577268666, -30.577854927279358]
  - [0.1372329027107891, -3502692796695267.0, 13351918206176.305, 4076997521164.0757,
    -8.29601409767462e-16, -4.619735070154653e-10, -2.2617378421321033, 0.29052779728925954]
  - [0.04349384738028409, -6044714215219038.0, 4076997521164.0757, 14808919638314.578,
    2.594765710981341e-16, 1.9532547186373266e-09, 0.9747775618182201, -1.054232530301694]
  - [1.2201046345165996e-29, -4.570322279250681e-13, -8.29601409767462e-16, 2.594765710981341e-16,
    1.0904041181800834e-43, 9.032674601927653e-38, 2.825300746978394e-28, -8.192012639443695e-29]
  - [-7.209492938420793e-23, -1.1460829176386992e-07, -4.619735070154653e-10, 1.9532547186373266e-09,
    9.032674601927653e-38, 3.417498399597696e-30, -1.253475950962837e-22, 9.647097783865544e-23]
  - [2.7814168463229566e-14, -1125.0171577268666, -2.2617378421321033, 0.9747775618182201,
    2.825300746978394e-28, -1.253475950962837e-22, 1.501915608710485e-12, -4.326217367528975e-13]
  - [1.3026993321670822e-14, -30.577854927279358, 0.29052779728925954, -1.054232530301694,
    -8.192012639443695e-29, 9.647097783865544e-23, -4.326217367528975e-13, 7.038050598593872e-13]
  cov_log10:
  - [0.01792295582613172, -0.01601442181482099, 0.001268498857751284, 0.0041441703333788635,
    0.008455984409740271, -0.01858353419721974, 0.00569290018756902, 0.004903807491576736]
  - [-0.01601442181482099, 0.017648047778843427, -0.0007560989584191176, -0.0110999550100664,
    -0.016644239686949114, 0.01575081747471612, -0.010867350896919746, -0.001089077600391979]
  - [0.001268498857751284, -0.0007560989584191176, 0.0008794368679888023, 0.0012236334500325518,
    -0.004478160685249818, -0.0003370302806588446, -0.0031608643913005803, 0.0006921751197220503]
  - [0.0041441703333788635, -0.0110999550100664, 0.0012236334500325518, 0.03145256428012907,
    0.014539485196284311, 0.004055719537024709, 0.01385865246070826, -0.008804575038168977]
  - [0.008455984409740271, -0.016644239686949114, -0.004478160685249818, 0.014539485196284311,
    0.054684769846497935, -0.01935715072128815, 0.043939938164635275, -0.011265602609977885]
  - [-0.01858353419721974, 0.01575081747471612, -0.0003370302806588446, 0.004055719537024709,
    -0.01935715072128815, 0.12788567426349315, -0.025825034608256595, -0.00029426607519586554]
  - [0.00569290018756902, -0.010867350896919746, -0.0031608643913005803, 0.01385865246070826,
    0.043939938164635275, -0.025825034608256595, 0.07014261078668836, -0.016994036904202613]
  - [0.004903807491576736, -0.001089077600391979, 0.0006921751197220503, -0.008804575038168977,
    -0.011265602609977885, -0.00029426607519586554, -0.016994036904202613, 0.022200479745607456]
  length of chains: [5635, 9719, 17812, 10886, 5314, 19287, 10549, 15987, 23237, 30001,
    30001, 17276, 5835, 19561, 17460, 30001, 20547, 24909, 30001]
  max_samples: 30000
  mean: [4.902056320188591e-07, 12000884560.231644, 55892047.47220685, 10731001.01298779,
    4.603247381930337e-22, 2.6164536568869563e-15, 2.2350099669692993e-06, 2.6456253769117597e-06]
  mean_log10: [-6.3096217034049085, 10.079213258170071, 7.747350019252586, 7.030640235865276,
    -21.336935685171124, -14.582286953160704, -5.650720535802686, -5.577471652309697]
  proposal_std: 0.2
  surrogate_is_updated: true
  time_limit: 28800
  type: DAMH
