best_fit_L2:
  parameters: [5.278359504219097e-07, 8715147901.60737, 67106938.53955842, 24095730.98102521,
    2.9884769858934383e-22, 1.2962297447278104e-16, 2.750614067067682e-06, 4.170433260603266e-07]
  parameters_log: [-14.454480301475886, 22.88832848669893, 18.021798002550554, 16.99754524505335,
    -49.56210815750541, -36.58190163351898, -12.803686374097364, -14.690075721119538]
  parameters_log10: [-6.277501033710229, 9.940274761762353, 7.826767426482752, 7.381940105827526,
    -21.524550084296745, -15.887318016964848, -5.560570340290339, -6.379818824423148]
estimated_distributions:
- {mu: 3.575409886534964e-07, mu_log10: -6.5129285105545405, name: storativity, sigma: 2.521142127956507e-07,
  sigma_log10: 0.22313540873080795}
- {mu: 13804437476.387745, mu_log10: 10.112115576641994, name: young_modulus, sigma: 4865543035.794576,
  sigma_log10: 0.15906983729029062}
- {mu: 49235425.21308811, mu_log10: 7.670793210015165, name: init_stress_x, sigma: 14982499.146582654,
  sigma_log10: 0.1392214027639878}
- {mu: 15853766.612301076, mu_log10: 7.092778213412281, name: init_stress_y, sigma: 11303297.578911707,
  sigma_log10: 0.305392974641048}
- {mu: 8.02091295829234e-22, mu_log10: -21.218819740722804, name: perm_kr, sigma: 5.044371473411913e-22,
  sigma_log10: 0.3628462507019255}
- {mu: 3.0681642142968963e-15, mu_log10: -14.856494042997982, name: perm_km, sigma: 3.8790919134499595e-15,
  sigma_log10: 0.578140469180864}
- {mu: 1.5200656006828507e-06, mu_log10: -5.916382733644242, name: perm_beta, sigma: 9.579636065879255e-07,
  sigma_log10: 0.30528967303825677}
- {mu: 7.533880902109887e-07, mu_log10: -6.17292914361238, name: perm_gamma, sigma: 3.751729789493284e-07,
  sigma_log10: 0.20662313675708405}
mode: [2.522977138900539e-07, 21225802090.73471, 57012427.14453116, 13486886.244279591,
  4.331157390745054e-22, 2.803637091565317e-15, 5.016818779573777e-07, 3.9177317583763453e-07]
no chains: 38
no parameters: 8
samplers_list:
- N samples [a, r, pr, all]: [178, 5757, 0, 5935]
  SD: [1.529057909468126e-07, 3923914633.6751676, 11698562.726627933, 5438250.936278218,
    6.5125724336071e-22, 2.105775858986435e-15, 1.0089813598225944e-06, 5.45010443607191e-07]
  SD_log10: [0.17694938541295627, 0.13105133198010158, 0.11843378253908708, 0.18100187701223203,
    0.31286112357120366, 0.3115451296061749, 0.2487474977824712, 0.19628181576164863]
  acceptance ratio [a/r, a/all]: [0.030918881361820392, 0.02999157540016849]
  accepted,rejected,pre-rejected,sum,seed:
  - [7, 321, 0, 328, 2]
  - [14, 305, 0, 319, 1002]
  - [10, 311, 0, 321, 10002]
  - [7, 324, 0, 331, 11002]
  - [8, 276, 0, 284, 12002]
  - [5, 317, 0, 322, 13002]
  - [13, 296, 0, 309, 14002]
  - [8, 310, 0, 318, 15002]
  - [10, 249, 0, 259, 16002]
  - [11, 312, 0, 323, 17002]
  - [8, 304, 0, 312, 18002]
  - [11, 283, 0, 294, 2002]
  - [7, 321, 0, 328, 3002]
  - [9, 308, 0, 317, 4002]
  - [12, 322, 0, 334, 5002]
  - [11, 277, 0, 288, 6002]
  - [15, 288, 0, 303, 7002]
  - [6, 318, 0, 324, 8002]
  - [6, 315, 0, 321, 9002]
  corr:
  - [1.0, -0.4978439924513175, 0.5598238891247795, 0.07319355204981835, -0.30256043876200217,
    -0.03632784072379497, -0.09453998270969347, 0.05708400342084118]
  - [-0.49784399245131744, 0.9999999999999999, 0.06463413975912492, -0.2249167630695227,
    -0.3415125048515242, 0.1117339283047663, -0.06984431014949638, -0.2284188171253496]
  - [0.5598238891247797, 0.06463413975912492, 1.0, 0.5138068478365571, -0.8405051327658865,
    0.019303147345247896, -0.2323656924829804, -0.24592319567363174]
  - [0.07319355204981837, -0.22491676306952274, 0.5138068478365571, 1.0, -0.37777885838003566,
    -0.19442486610779694, -0.11725764020038708, -0.18797518694550513]
  - [-0.3025604387620022, -0.34151250485152423, -0.8405051327658866, -0.37777885838003566,
    1.0, 0.05392969732670419, 0.07900913162807667, 0.09187821696596829]
  - [-0.03632784072379497, 0.1117339283047663, 0.0193031473452479, -0.1944248661077969,
    0.05392969732670419, 1.0, 0.2114179444755867, -0.06783952762947618]
  - [-0.09453998270969347, -0.06984431014949638, -0.23236569248298036, -0.11725764020038706,
    0.07900913162807667, 0.2114179444755867, 0.9999999999999998, 0.34796991471686745]
  - [0.057084003420841176, -0.22841881712534962, -0.24592319567363174, -0.18797518694550513,
    0.0918782169659683, -0.06783952762947619, 0.3479699147168674, 1.0]
  corr_log10:
  - [0.9999999999999999, -0.4540045032183361, 0.6256848155394208, 0.1518529833864792,
    -0.44175915760708573, 0.10962268221373621, -0.0035290019435656184, 0.09111431844377396]
  - [-0.4540045032183361, 1.0, 0.13294028295630114, -0.19732940753410788, -0.22792464420114583,
    0.09621182721409229, -0.11538630488743139, -0.2146298947995937]
  - [0.6256848155394208, 0.13294028295630114, 1.0, 0.5635030126898539, -0.8705827634160428,
    0.04811615370580592, -0.08104428156902962, -0.2558168790241168]
  - [0.1518529833864792, -0.19732940753410788, 0.563503012689854, 1.0, -0.47152020591149874,
    -0.24443757210342035, -0.039135166605363286, -0.2197767452247314]
  - [-0.44175915760708573, -0.22792464420114586, -0.8705827634160428, -0.47152020591149874,
    0.9999999999999998, -0.082226442568873, -0.07532593068747255, 0.042531688895723785]
  - [0.10962268221373621, 0.09621182721409229, 0.048116153705805915, -0.24443757210342038,
    -0.082226442568873, 0.9999999999999998, 0.18169040656321048, 0.014574644173146224]
  - [-0.003529001943565618, -0.11538630488743139, -0.08104428156902962, -0.039135166605363286,
    -0.07532593068747254, 0.18169040656321048, 0.9999999999999999, 0.37796481780275953]
  - [0.09111431844377395, -0.2146298947995937, -0.2558168790241168, -0.21977674522473137,
    0.042531688895723785, 0.014574644173146224, 0.37796481780275953, 1.0]
  cov:
  - [2.3384108367005412e-14, -298.75123049693485, 1.0015688670849403, 0.060873594703112405,
    -3.013433342550353e-29, -1.1698996436283828e-23, -1.4587992889173155e-14, 4.757908976054116e-15]
  - [-298.75123049693485, 1.5399692497196376e+19, 2967474388496512.0, -4800357325380332.0,
    -8.72874236961268e-13, 9.233996565477119e-07, -276.5710213824526, -488.5727052805345]
  - [1.0015688670849403, 2967474388496512.0, 136879359348083.78, 32693738694449.883,
    -6.404694106864697e-15, 4.756042470323822e-10, -2.74321979586918, -1.5682300588554596]
  - [0.060873594703112405, -4800357325380332.0, 32693738694449.883, 29579541257562.94,
    -1.3382042583262156e-15, -2.2268765508082558e-09, -0.6435117540241609, -0.5572339147237028]
  - [-3.013433342550353e-29, -8.72874236961268e-13, -6.404694106864697e-15, -1.3382042583262156e-15,
    4.242072444675551e-43, 7.397170683327274e-38, 5.192612876991748e-29, 3.2616916156090455e-29]
  - [-1.1698996436283828e-23, 9.233996565477119e-07, 4.756042470323822e-10, -2.2268765508082558e-09,
    7.397170683327274e-38, 4.435036851872851e-30, 4.492727515791116e-22, -7.787045816352081e-23]
  - [-1.4587992889173155e-14, -276.5710213824526, -2.74321979586918, -0.6435117540241609,
    5.192612876991748e-29, 4.492727515791116e-22, 1.0182143979725798e-12, 1.9138267120759113e-13]
  - [4.757908976054116e-15, -488.5727052805345, -1.5682300588554596, -0.5572339147237028,
    3.2616916156090455e-29, -7.787045816352081e-23, 1.9138267120759113e-13, 2.9708628056407464e-13]
  cov_log10:
  - [0.03131634471329198, -0.01052988447046528, 0.013114544821721757, 0.0048643902983026835,
    -0.024460152935558324, 0.0060442636045303245, -0.00015535764331769857, 0.0031651092425268442]
  - [-0.01052988447046528, 0.017177336621589805, 0.002063700103555061, -0.004681545812902217,
    -0.009346677830687522, 0.00392883523580841, -0.003762074345025563, -0.005521850785840221]
  - [0.013114544821721757, 0.002063700103555061, 0.014028917063691509, 0.012081695021453473,
    -0.03226340595963875, 0.0017756624781186453, -0.0023879742821730143, -0.005947819917340963]
  - [0.0048643902983026835, -0.004681545812902217, 0.012081695021453473, 0.032767182871751566,
    -0.026705944070912965, -0.013786212044327006, -0.0017623084926870947, -0.007809402923114688]
  - [-0.024460152935558324, -0.009346677830687522, -0.03226340595963875, -0.026705944070912965,
    0.09789852512209696, -0.008015987220122076, -0.005863106398475541, 0.002612265073160052]
  - [0.0060442636045303245, 0.00392883523580841, 0.0017756624781186453, -0.013786212044327006,
    -0.008015987220122076, 0.09707667222745009, 0.014082657969424067, 0.0008913985875756467]
  - [-0.00015535764331769857, -0.003762074345025563, -0.0023879742821730143, -0.0017623084926870947,
    -0.005863106398475541, 0.014082657969424067, 0.061885711625433784, 0.018457084970695776]
  - [0.0031651092425268442, -0.005521850785840221, -0.005947819917340963, -0.007809402923114688,
    0.002612265073160052, 0.0008913985875756467, 0.018457084970695776, 0.038533022986225546]
  length of chains: [329, 320, 322, 332, 285, 323, 310, 319, 260, 324, 313, 295, 329,
    318, 335, 289, 304, 325, 322]
  max_samples: 10000
  mean: [3.7117745468870025e-07, 13657915524.07378, 48842923.94763838, 11721989.590548586,
    8.381881776004613e-22, 2.5283556514547533e-15, 1.7660523935957074e-06, 1.1917047469718752e-06]
  mean_log10: [-6.430418410690368, 10.135384422224671, 7.688801654787883, 7.069001331380243,
    -21.07665846905585, -14.59716183600659, -5.752996416323584, -5.923831330706603]
  proposal_std: 0.1
  surrogate_is_updated: true
  time_limit: 10800
  type: MH
- N samples [a, r, pr, all]: [23, 13084, 369153, 382260]
  SD: [2.719044654094535e-07, 5885624761.655336, 14366533.66307531, 7418450.70032094,
    7.035955189088735e-22, 3.4502139130441497e-15, 1.5533988304385208e-06, 6.759016025398168e-07]
  SD_log10: [0.23461681472758839, 0.18823964100150695, 0.1424760108997888, 0.21728742025427134,
    0.32382913132019325, 0.4681086893012175, 0.34537966601427494, 0.2632772823844219]
  acceptance ratio [a/r, a/all]: [0.0017578722103332315, 6.016847172081829e-05]
  accepted,rejected,pre-rejected,sum,seed:
  - [0, 891, 13823, 14714, 3]
  - [0, 79, 29921, 30000, 1003]
  - [5, 798, 8644, 9447, 10003]
  - [0, 857, 20583, 21440, 11003]
  - [0, 415, 29585, 30000, 12003]
  - [1, 789, 6616, 7406, 13003]
  - [0, 337, 29663, 30000, 14003]
  - [1, 851, 17303, 18155, 15003]
  - [1, 478, 29521, 30000, 16003]
  - [1, 801, 14750, 15552, 17003]
  - [1, 522, 29477, 30000, 18003]
  - [1, 750, 16791, 17542, 2003]
  - [1, 899, 19617, 20517, 3003]
  - [1, 769, 13127, 13897, 4003]
  - [0, 786, 13995, 14781, 5003]
  - [1, 726, 15313, 16040, 6003]
  - [0, 688, 14231, 14919, 7003]
  - [3, 816, 18546, 19365, 8003]
  - [6, 832, 27647, 28485, 9003]
  corr:
  - [1.0, -0.5358762546344661, 0.5213634334964622, 0.17738727672400184, -0.2245617181641919,
    -0.11832255160846127, -0.05338963761077931, -0.3095508757448226]
  - [-0.535876254634466, 0.9999999999999999, -0.052147444492142994, -0.21056926884684762,
    -0.3966959672047487, 0.159617262036135, 0.06670999954364229, -0.0963085712143461]
  - [0.5213634334964622, -0.052147444492143, 1.0, 0.7540977663417411, -0.7810104507587462,
    -0.05085497574246896, -0.19024618909060692, -0.6820355268670515]
  - [0.17738727672400184, -0.21056926884684762, 0.7540977663417411, 1.0, -0.5389141438166049,
    -0.2386377291242715, 0.014836838538962283, -0.4558647886179356]
  - [-0.2245617181641919, -0.39669596720474865, -0.7810104507587462, -0.5389141438166049,
    1.0, 0.09516112967473098, 0.0021589249521087365, 0.4598316399999824]
  - [-0.11832255160846127, 0.159617262036135, -0.05085497574246895, -0.2386377291242715,
    0.09516112967473098, 0.9999999999999999, 0.019249049629496275, -0.03653847358503743]
  - [-0.05338963761077931, 0.06670999954364229, -0.1902461890906069, 0.01483683853896228,
    0.0021589249521087365, 0.01924904962949628, 1.0, 0.3764838216205951]
  - [-0.30955087574482265, -0.09630857121434609, -0.6820355268670515, -0.45586478861793567,
    0.4598316399999824, -0.03653847358503743, 0.37648382162059507, 0.9999999999999999]
  corr_log10:
  - [1.0, -0.7232991685493565, 0.5637707451182733, 0.3040230904431028, -0.3036104495261252,
    -0.027173225799935873, -0.11815812592329561, -0.4930255238350138]
  - [-0.7232991685493564, 1.0, -0.040283908721904974, -0.18281459544745232, -0.1608101714719528,
    0.07631823322549347, -0.12959178977243863, 0.03543236639960587]
  - [0.5637707451182733, -0.040283908721904974, 0.9999999999999998, 0.7862431437836921,
    -0.8682332017351216, -0.28811527334813547, -0.1491862819555203, -0.8393638559008232]
  - [0.3040230904431028, -0.18281459544745232, 0.7862431437836921, 1.0, -0.7094265078244308,
    -0.5223718120456106, 0.05748529673156773, -0.6264714832710412]
  - [-0.30361044952612526, -0.1608101714719528, -0.8682332017351216, -0.7094265078244308,
    1.0, 0.2974000052857152, -0.03538297779861136, 0.6166001473761756]
  - [-0.027173225799935877, 0.07631823322549347, -0.28811527334813547, -0.5223718120456106,
    0.29740000528571525, 1.0, -0.03662727841280514, 0.18480970837984606]
  - [-0.1181581259232956, -0.12959178977243863, -0.1491862819555203, 0.05748529673156773,
    -0.03538297779861136, -0.03662727841280515, 1.0, 0.31002183343667244]
  - [-0.4930255238350138, 0.03543236639960587, -0.8393638559008232, -0.6264714832710411,
    0.6166001473761755, 0.18480970837984606, 0.31002183343667244, 1.0]
  cov:
  - [7.393223170839051e-14, -857.5798329733497, 2.0366201622902746, 0.35781056301203856,
    -4.296118612175151e-29, -1.1100205645794662e-22, -2.2550564759479574e-14, -5.688961427491177e-14]
  - [-857.5798329733497, 3.4640669451182408e+19, -4409392220691800.5, -9193945188686838.0,
    -1.6427616530047234e-12, 3.2413026578228277e-06, 609.9126173484846, -383.12643835725675]
  - [2.0366201622902746, -4409392220691800.5, 206397829405937.72, 80370005896073.67,
    -7.89465291083525e-15, -2.5207664182295055e-09, -4.245727049633064, -6.622829955195328]
  - [0.35781056301203856, -9193945188686838.0, 80370005896073.67, 55033554754872.59,
    -2.812917517450951e-15, -6.108006362050292e-09, 0.17097739477379834, -2.285777089002737]
  - [-4.296118612175151e-29, -1.6427616530047234e-12, -7.89465291083525e-15, -2.812917517450951e-15,
    4.950479492206983e-43, 2.3100948505754506e-37, 2.3596344087477728e-30, 2.186787223677628e-28]
  - [-1.1100205645794662e-22, 3.2413026578228277e-06, -2.5207664182295055e-09, -6.108006362050292e-09,
    2.3100948505754506e-37, 1.1904007185287403e-29, 1.0316667275900388e-22, -8.520813011421514e-23]
  - [-2.2550564759479574e-14, 609.9126173484846, -4.245727049633064, 0.17097739477379834,
    2.3596344087477728e-30, 1.0316667275900388e-22, 2.413054238686845e-12, 3.952882493438649e-13]
  - [-5.688961427491177e-14, -383.12643835725675, -6.622829955195328, -2.285777089002737,
    2.186787223677628e-28, -8.520813011421514e-23, 3.952882493438649e-13, 4.568441713728737e-13]
  cov_log10:
  - [0.05504519374519493, -0.03194400183574715, 0.018845365001827062, 0.015498919533534503,
    -0.0230670947771065, -0.0029843391128143546, -0.009574599785679098, -0.030453910002836284]
  - [-0.03194400183574715, 0.03543425513654691, -0.0010804024797061319, -0.007477521518585139,
    -0.009802608361478612, 0.006724921708616561, -0.008425321365210885, 0.0017560050747157227]
  - [0.018845365001827062, -0.0010804024797061319, 0.020299466783069348, 0.02434077143482705,
    -0.040058546531374056, -0.01921568484777337, -0.007341225067227515, -0.031485205595199385]
  - [0.015498919533534503, -0.007477521518585139, 0.02434077143482705, 0.047213946507367655,
    -0.04991821492809137, -0.05313273312548827, 0.004314090610643718, -0.03583854859802453]
  - [-0.0230670947771065, -0.009802608361478612, -0.040058546531374056, -0.04991821492809137,
    0.10486558060854145, 0.045082160998727104, -0.003957384022654419, 0.05256952604206494]
  - [-0.0029843391128143546, 0.006724921708616561, -0.01921568484777337, -0.05313273312548827,
    0.045082160998727104, 0.2191263182105828, -0.005921738887436214, 0.022776448550131275]
  - [-0.009574599785679098, -0.008425321365210885, -0.007341225067227515, 0.004314090610643718,
    -0.003957384022654419, -0.005921738887436214, 0.11928742573831205, 0.028190551227537233]
  - [-0.030453910002836284, 0.0017560050747157227, -0.031485205595199385, -0.03583854859802453,
    0.05256952604206494, 0.022776448550131275, 0.028190551227537233, 0.06931510874034404]
  length of chains: [14715, 30001, 9448, 21441, 30001, 7407, 30001, 18156, 30001,
    15553, 30001, 17543, 20518, 13898, 14782, 16041, 14920, 19366, 28486]
  max_samples: 30000
  mean: [3.263606350744019e-07, 14263063438.068138, 42422291.58048682, 11708795.1713647,
    1.1550111367758085e-21, 2.827283525169181e-15, 2.1909585344770507e-06, 9.65567214056588e-07]
  mean_log10: [-6.486302230435842, 10.154212813830172, 7.627594124668042, 7.068512208706171,
    -20.937413828224685, -14.548630637480686, -5.65936584170822, -6.015217489178359]
  proposal_std: 0.2
  surrogate_is_updated: true
  time_limit: 28800
  type: DAMH
