best_fit_L2:
  parameters: [8.493157256010422e-08, 180689994325.26343, 62237856.23379426, 3101395.97652111,
    6.786313722477004e-22, 4.527816653838552e-18, 3.639442727511115e-07, 8.98667854247782e-08]
  parameters_log: [-16.28141993337037, 25.920048661264225, 17.94647399369678, 14.94736288310081,
    -48.741964149736056, -39.93629182545518, -14.826265077867793, -16.224937425084903]
  parameters_log10: [-7.070930834612361, 11.256934104250822, 7.794054625082726, 6.491557219136163,
    -21.168366067356494, -17.344111167473127, -6.438965110552869, -7.046400792939929]
  type: accepted
best_fit_LH:
  parameters: [8.493157256010422e-08, 180689994325.26343, 62237856.23379426, 3101395.97652111,
    6.786313722477004e-22, 4.527816653838552e-18, 3.639442727511115e-07, 8.98667854247782e-08]
  parameters_log: [-16.28141993337037, 25.920048661264225, 17.94647399369678, 14.94736288310081,
    -48.741964149736056, -39.93629182545518, -14.826265077867793, -16.224937425084903]
  parameters_log10: [-7.070930834612361, 11.256934104250822, 7.794054625082726, 6.491557219136163,
    -21.168366067356494, -17.344111167473127, -6.438965110552869, -7.046400792939929]
  type: accepted
best_fits_L2:
- {n: 75.84355996840696, t: accepted}
- {n: 76.0371288487556, t: accepted}
- {n: 76.15492985463226, t: accepted}
- {n: 76.16851488778354, t: accepted}
- {n: 76.17083785282831, t: accepted}
- {n: 76.17648340289816, t: accepted}
- {n: 76.18216483256559, t: accepted}
- {n: 76.18878848045371, t: accepted}
- {n: 76.21284975216287, t: accepted}
- {n: 76.22629560150652, t: accepted}
- {n: 76.23779854424266, t: accepted}
- {n: 76.24181276404406, t: accepted}
- {n: 76.2559333197518, t: accepted}
- {n: 76.25642126101269, t: accepted}
- {n: 76.25996738822913, t: accepted}
- {n: 76.26471134414072, t: accepted}
- {n: 76.2684158413605, t: accepted}
- {n: 76.27847634663773, t: accepted}
- {n: 76.28089784170928, t: accepted}
- {n: 76.28418352610804, t: accepted}
best_fits_LH:
- {n: -7.190306985851676, t: accepted}
- {n: -7.227056204452826, t: accepted}
- {n: -7.249466676454951, t: accepted}
- {n: -7.252053325263131, t: accepted}
- {n: -7.252495674002328, t: accepted}
- {n: -7.253570779540024, t: accepted}
- {n: -7.254652798220243, t: accepted}
- {n: -7.255914362649144, t: accepted}
- {n: -7.260498084182193, t: accepted}
- {n: -7.263060176410314, t: accepted}
- {n: -7.265252408590662, t: accepted}
- {n: -7.266017516934438, t: accepted}
- {n: -7.2687092080830435, t: accepted}
- {n: -7.2688022294212855, t: accepted}
- {n: -7.269478282567212, t: accepted}
- {n: -7.270382745506385, t: accepted}
- {n: -7.271089068688356, t: accepted}
- {n: -7.273007442205716, t: accepted}
- {n: -7.273469219421607, t: accepted}
- {n: -7.274095820306164, t: accepted}
estimated_distributions:
- {mu: 1.1178441502370436e-07, mu_log10: -7.009140366013212, name: storativity, sigma: 6.31063351678574e-08,
  sigma_log10: 0.22342361955319304}
- {mu: 125397787505.44363, mu_log10: 11.041986964466815, name: young\_modulus, sigma: 70211021986.30911,
  sigma_log10: 0.22365983620029697}
- {mu: 56734911.704704285, mu_log10: 7.741908468415346, name: init\_stress\_x, sigma: 13379288.936549671,
  sigma_log10: 0.10258140485847692}
- {mu: 11578745.793465339, mu_log10: 6.9869188473480675, name: init\_stress\_y, sigma: 7393838.990758164,
  sigma_log10: 0.2649781013995875}
- {mu: 8.927624430810792e-22, mu_log10: -21.11011317056137, name: perm\_kr, sigma: 4.403448282182311e-22,
  sigma_log10: 0.24592319035749194}
- {mu: 3.822226355730999e-18, mu_log10: -17.788085808234943, name: perm\_km, sigma: 7.721936710557975e-18,
  sigma_log10: 0.5246590231265801}
- {mu: 3.911293861375874e-07, mu_log10: -6.459366305302897, name: perm\_beta, sigma: 2.1127771090074532e-07,
  sigma_log10: 0.2061829472331281}
- {mu: 4.605924503260335e-07, mu_log10: -6.41011228032024, name: perm\_gamma, sigma: 2.5252332582651016e-07,
  sigma_log10: 0.27162277104963833}
mode: [1.1678756363414165e-07, 101903976333.2624, 57863597.63388625, 10912687.904430635,
  1.2768630217709966e-21, 1.4794985838200529e-18, 4.927536871761448e-07, 6.198543827156294e-07]
no chains: 19
no parameters: 8
samplers_list:
- N samples [a, r, pr, all]: [11195, 26915, 0, 38110]
  SD: [5.8416100223375615e-08, 66196071012.245766, 13231937.505679477, 8195863.39559715,
    4.373387886160491e-22, 7.4650439175647e-18, 2.152035252533963e-07, 2.564939449978106e-07]
  SD_log10: [0.21012515410271598, 0.21067082095666442, 0.09921320633709799, 0.2679194824507714,
    0.24568109292677798, 0.5159159205327846, 0.2081859734225094, 0.26247858098724025]
  acceptance ratio [a/r, a/all]: [0.4159390674345161, 0.2937549199685122]
  accepted,rejected,pre-rejected,sum,seed:
  - [602, 1463, 0, 2065, 2]
  - [593, 1417, 0, 2010, 1002]
  - [506, 1427, 0, 1933, 10002]
  - [673, 1216, 0, 1889, 11002]
  - [581, 1498, 0, 2079, 12002]
  - [545, 1540, 0, 2085, 13002]
  - [468, 1576, 0, 2044, 14002]
  - [597, 1421, 0, 2018, 15002]
  - [536, 1483, 0, 2019, 16002]
  - [728, 1235, 0, 1963, 17002]
  - [693, 1206, 0, 1899, 18002]
  - [719, 1300, 0, 2019, 2002]
  - [551, 1487, 0, 2038, 3002]
  - [588, 1421, 0, 2009, 4002]
  - [432, 1614, 0, 2046, 5002]
  - [647, 1480, 0, 2127, 6002]
  - [545, 1331, 0, 1876, 7002]
  - [562, 1471, 0, 2033, 8002]
  - [629, 1329, 0, 1958, 9002]
  corr:
  - [1.0, -0.6248927954605732, 0.013332165762594793, -0.14325050551366283, 0.3806742944457181,
    -0.2879688819384836, -0.23913158642660556, -0.13153374780803812]
  - [-0.6248927954605731, 1.0, 0.1949956927990051, -0.06105177601770303, -0.3521210678817226,
    0.5834744146915648, 0.4156547847587709, -0.14684083594551026]
  - [0.013332165762594795, 0.1949956927990051, 1.0, 0.5802365379477592, 0.028207853835209393,
    -0.08984776052094258, 0.3068392184213418, -0.19903997901254297]
  - [-0.14325050551366286, -0.06105177601770303, 0.5802365379477592, 0.9999999999999999,
    -0.13761529861744193, -0.013223777650266668, -0.042716894070663834, 0.029408455309716718]
  - [0.3806742944457181, -0.3521210678817226, 0.028207853835209393, -0.13761529861744193,
    1.0, -0.3163651991648573, 0.012207957826317242, -0.030486597456076885]
  - [-0.2879688819384836, 0.5834744146915647, -0.08984776052094258, -0.01322377765026667,
    -0.3163651991648573, 1.0, 0.04374419002711233, 0.0287909608490613]
  - [-0.2391315864266056, 0.4156547847587708, 0.3068392184213419, -0.042716894070663834,
    0.01220795782631724, 0.04374419002711232, 1.0, 0.05711865352910257]
  - [-0.13153374780803814, -0.14684083594551026, -0.19903997901254297, 0.029408455309716714,
    -0.030486597456076882, 0.0287909608490613, 0.05711865352910258, 1.0]
  corr_log10:
  - [1.0, -0.8247850485134726, 0.12356752830516637, -0.10558271689294037, 0.4520512997464028,
    -0.3409764255515764, -0.24066600466018065, -0.08900378394549434]
  - [-0.8247850485134726, 1.0, 0.28536708270236494, 0.027096848037781854, -0.30784165653774054,
    0.25725896667051745, 0.5385497205995309, -0.03598037491885336]
  - [0.12356752830516639, 0.285367082702365, 1.0, 0.5136433133761215, 0.13519001788206358,
    -0.021007430018320283, 0.3102738467212369, -0.17548459873692582]
  - [-0.10558271689294038, 0.027096848037781854, 0.5136433133761213, 1.0, -0.03506792085871927,
    0.13168262652039908, -0.07423577096893248, 0.18868714838597744]
  - [0.45205129974640273, -0.30784165653774054, 0.13519001788206358, -0.03506792085871927,
    1.0, -0.331838812902062, 0.1067550378934038, 0.008308069107377048]
  - [-0.34097642555157637, 0.25725896667051745, -0.021007430018320287, 0.13168262652039908,
    -0.331838812902062, 1.0, 0.07264255221896401, 0.0372205627343343]
  - [-0.24066600466018065, 0.5385497205995309, 0.310273846721237, -0.07423577096893248,
    0.1067550378934038, 0.07264255221896403, 1.0, 0.07795507386692523]
  - [-0.08900378394549432, -0.03598037491885336, -0.17548459873692582, 0.18868714838597744,
    0.008308069107377048, 0.0372205627343343, 0.07795507386692523, 1.0]
  cov:
  - [3.412530264907825e-15, -2416.471524380529, 0.010305476962289605, -0.06858589739238775,
    9.725579765866525e-30, -1.2558040469539943e-25, -3.0062858814546774e-15, -1.9708712893534324e-15]
  - [-2416.471524380529, 4.382034744016652e+21, 1.7080165046348787e+17, -3.3123530246278268e+16,
    -1.0194210836207935e-11, 2.8833528179171405e-07, 5921.418673094656, -2493.2599963284156]
  - [0.010305476962289605, 1.7080165046348787e+17, 175088762164546.34, 62926650537042.586,
    1.6323860456082829e-16, -8.875124521023353e-12, 0.8737658772441227, -0.6755418608248123]
  - [-0.06858589739238775, -3.3123530246278268e+16, 62926650537042.586, 67173938553821.72,
    -4.932769430911348e-16, -8.090847337992651e-13, -0.07534512374635557, 0.06182376254767486]
  - [9.725579765866525e-30, -1.0194210836207935e-11, 1.6323860456082829e-16, -4.932769430911348e-16,
    1.9127023242597604e-43, -1.0328814056785779e-39, 1.1490046584943669e-30, -3.419916177656222e-30]
  - [-1.2558040469539943e-25, 2.8833528179171405e-07, -8.875124521023353e-12, -8.090847337992651e-13,
    -1.0328814056785779e-39, 5.572834226483426e-35, 7.02770492120995e-26, 5.512860887685928e-26]
  - [-3.0062858814546774e-15, 5921.418673094656, 0.8737658772441227, -0.07534512374635557,
    1.1490046584943669e-30, 7.02770492120995e-26, 4.6313771941510144e-14, 3.152941043188427e-15]
  - [-1.9708712893534324e-15, -2493.2599963284156, -0.6755418608248123, 0.06182376254767486,
    -3.419916177656222e-30, 5.512860887685928e-26, 3.152941043188427e-15, 6.57908693016504e-14]
  cov_log10:
  - [0.04415373839603721, -0.0365119142230515, 0.0025761033366815097, -0.005944106253989689,
    0.02333720778109753, -0.0369651709397206, -0.010528236907840969, -0.004908985796850124]
  - [-0.0365119142230515, 0.04438335883410147, 0.005964707324958016, 0.0015294625565373502,
    -0.015933636334853552, 0.027961806672949133, 0.02362071547480219, -0.001989643795114679]
  - [0.0025761033366815097, 0.005964707324958016, 0.009843518475250345, 0.01365358850794673,
    0.0032953172854247753, -0.0010753076385220564, 0.006408811691710747, -0.004569974239403336]
  - [-0.005944106253989689, 0.0015294625565373502, 0.01365358850794673, 0.07178273170491777,
    -0.002308327572005311, 0.018202167062391004, -0.004140763005279437, 0.013269418043663193]
  - [0.02333720778109753, -0.015933636334853552, 0.0032953172854247753, -0.002308327572005311,
    0.060360782489243335, -0.04206193391186822, 0.005460381294279107, 0.0005357684006931655]
  - [-0.0369651709397206, 0.027961806672949133, -0.0010753076385220564, 0.018202167062391004,
    -0.04206193391186822, 0.2661762179980608, 0.007802483876502086, 0.005040424624053575]
  - [-0.010528236907840969, 0.02362071547480219, 0.006408811691710747, -0.004140763005279437,
    0.005460381294279107, 0.007802483876502086, 0.04334253626402436, 0.004259916757120829]
  - [-0.004908985796850124, -0.001989643795114679, -0.004569974239403336, 0.013269418043663193,
    0.0005357684006931655, 0.005040424624053575, 0.004259916757120829, 0.06889681241700059]
  length of chains: [2066, 2011, 1934, 1890, 2080, 2086, 2045, 2019, 2020, 1964, 1900,
    2020, 2039, 2010, 2047, 2128, 1877, 2034, 1959]
  max_samples: 50000
  mean: [1.0978485555082693e-07, 125982170105.08691, 58121672.12327413, 12469833.210082715,
    8.961430985605986e-22, 3.773596939629432e-18, 4.0732273415508764e-07, 4.776739329500155e-07]
  mean_log10: [-6.959457565207733, 11.10030908501518, 7.764338100179749, 7.095860644623278,
    -21.047622635479527, -17.423244488973133, -6.390061349691642, -6.320868457868528]
  proposal_std: 0.02
  surrogate_is_updated: true
  time_limit: 57600
  type: MH
