best_fit_L2:
  parameters: [4.638941402369314e-07, 12886329502.41819, 55167839.700181685, 9534051.41363502,
    3.8299747162458463e-22, 2.885597624137255e-15, 2.166591617535212e-06, 2.0554316001073463e-06]
  parameters_log: [-14.58360945679052, 23.279432857910066, 17.82589072733462, 16.070380307393897,
    -49.31401384420063, -33.47904436765521, -13.042355308391375, -13.095024707684972]
  parameters_log10: [-6.333581113316202, 10.110129232027589, 7.74168597789177, 6.9792774895878535,
    -21.4168040930369, -14.539764228266803, -5.664222941455958, -5.687096970934327]
estimated_distributions:
- {mu: .nan, mu_log10: .nan, name: storativity, sigma: .nan, sigma_log10: .nan}
- {mu: .nan, mu_log10: .nan, name: young_modulus, sigma: .nan, sigma_log10: .nan}
- {mu: .nan, mu_log10: .nan, name: init_stress_x, sigma: .nan, sigma_log10: .nan}
- {mu: .nan, mu_log10: .nan, name: init_stress_y, sigma: .nan, sigma_log10: .nan}
- {mu: .nan, mu_log10: .nan, name: perm_kr, sigma: .nan, sigma_log10: .nan}
- {mu: .nan, mu_log10: .nan, name: perm_km, sigma: .nan, sigma_log10: .nan}
- {mu: .nan, mu_log10: .nan, name: perm_beta, sigma: .nan, sigma_log10: .nan}
- {mu: .nan, mu_log10: .nan, name: perm_gamma, sigma: .nan, sigma_log10: .nan}
mode: [4.638941402369314e-07, 12886329502.41819, 55167839.700181685, 9534051.41363502,
  3.8299747162458463e-22, 2.885597624137255e-15, 2.166591617535212e-06, 2.0554316001073463e-06]
no chains: 19
no parameters: 8
samplers_list:
- N samples [a, r, pr, all]: [13335, 18913, 0, 32248]
  SD: [4.925251429903754e-08, 1053918133.5987074, 2230534.7894637887, 1714242.8618857986,
    4.55337655066232e-23, 8.633201691786954e-16, 3.910813836321651e-07, 3.919505428228743e-07]
  SD_log10: [0.045038142014776565, 0.03643318648091079, 0.016467580714091077, 0.0655048371047036,
    0.06836728249308145, 0.14042629280783703, 0.0809881396743983, 0.08369141540728632]
  acceptance ratio [a/r, a/all]: [0.7050705863691641, 0.4135140163731084]
  accepted,rejected,pre-rejected,sum,seed:
  - [657, 1067, 0, 1724, 2]
  - [749, 946, 0, 1695, 1002]
  - [761, 946, 0, 1707, 10002]
  - [801, 911, 0, 1712, 11002]
  - [795, 908, 0, 1703, 12002]
  - [752, 966, 0, 1718, 13002]
  - [537, 1142, 0, 1679, 14002]
  - [851, 845, 0, 1696, 15002]
  - [754, 955, 0, 1709, 16002]
  - [693, 986, 0, 1679, 17002]
  - [782, 920, 0, 1702, 18002]
  - [555, 1162, 0, 1717, 2002]
  - [776, 963, 0, 1739, 3002]
  - [682, 990, 0, 1672, 4002]
  - [515, 1152, 0, 1667, 5002]
  - [602, 1082, 0, 1684, 6002]
  - [470, 1195, 0, 1665, 7002]
  - [753, 936, 0, 1689, 8002]
  - [850, 841, 0, 1691, 9002]
  corr:
  - [1.0, -0.8074065721025234, 0.1395060372679167, -0.485992366327816, 0.20165520791269292,
    -0.16949642983802032, -0.4008188134731093, 0.03352027613097198]
  - [-0.8074065721025234, 0.9999999999999999, 0.11494666809234722, 0.2449814709114029,
    -0.5009459202313927, 0.3257472698854313, 0.3613242169420399, -0.28853774547455296]
  - [0.13950603726791666, 0.11494666809234722, 1.0, 0.41559208452628266, -0.8201642344273021,
    0.07097067028358131, 0.002702377284288828, -0.13473093777588793]
  - [-0.485992366327816, 0.2449814709114029, 0.41559208452628266, 1.0, -0.3322716628620777,
    -0.0620918885873107, 0.23860795530068704, 0.15434182921977285]
  - [0.20165520791269295, -0.5009459202313926, -0.820164234427302, -0.33227166286207777,
    1.0, -0.18071793904812145, -0.1147334104414202, 0.17676952292405343]
  - [-0.16949642983802032, 0.3257472698854313, 0.07097067028358131, -0.0620918885873107,
    -0.18071793904812145, 1.0, 0.34389354119881527, -0.2987017271026121]
  - [-0.4008188134731093, 0.36132421694204, 0.002702377284288828, 0.23860795530068707,
    -0.1147334104414202, 0.34389354119881527, 0.9999999999999999, -0.16819746459446186]
  - [0.03352027613097198, -0.2885377454745529, -0.13473093777588793, 0.15434182921977285,
    0.17676952292405343, -0.2987017271026121, -0.16819746459446186, 1.0]
  corr_log10:
  - [0.9999999999999999, -0.8165546294482229, 0.12633678124641282, -0.5031702655483729,
    0.24269757900375113, -0.2174006306062519, -0.40101394531148493, 0.04151293479612821]
  - [-0.816554629448223, 1.0, 0.09475173469539844, 0.22880794005717756, -0.5237369034971986,
    0.3563234616011421, 0.35478682951422913, -0.29416743897657743]
  - [0.1263367812464128, 0.09475173469539844, 0.9999999999999998, 0.3778918522571707,
    -0.8192522020022884, 0.03365216520242537, -0.013099880441308137, -0.15097577093352235]
  - [-0.5031702655483729, 0.22880794005717756, 0.37789185225717076, 1.0, -0.32189912645208835,
    -0.0745035051111348, 0.19327829048837913, 0.17495844953631945]
  - [0.24269757900375116, -0.5237369034971986, -0.8192522020022884, -0.32189912645208835,
    1.0, -0.18221959385778339, -0.1033411688102628, 0.19078377921444703]
  - [-0.21740063060625192, 0.3563234616011421, 0.03365216520242537, -0.0745035051111348,
    -0.18221959385778336, 0.9999999999999998, 0.39415934990129486, -0.2958683281127113]
  - [-0.40101394531148493, 0.35478682951422913, -0.013099880441308139, 0.19327829048837913,
    -0.10334116881026278, 0.39415934990129486, 0.9999999999999998, -0.18994026185537818]
  - [0.04151293479612821, -0.29416743897657743, -0.15097577093352235, 0.17495844953631945,
    0.19078377921444703, -0.29586832811271135, -0.18994026185537818, 1.0]
  cov:
  - [2.4258853463973288e-15, -41.91225449442329, 0.015326531044255218, -0.04103398192293732,
    4.522565594703409e-31, -7.207328341181259e-24, -7.720707624835405e-15, 6.471138920029177e-16]
  - [-41.91225449442329, 1.1107778569061391e+18, 270225124111351.5, 442614792475772.7,
    -2.4040569265150062e-14, 2.963964572404074e-07, 148.93080940208972, -119.19395787702092]
  - [0.015326531044255218, 270225124111351.5, 4975439642924.925, 1589139701993.6748,
    -8.330227347457065e-17, 1.3667001906697666e-10, 0.0023574125192817497, -0.11779342883219467]
  - [-0.04103398192293732, 442614792475772.7, 1589139701993.6748, 2938719664608.1567,
    -2.593657829747235e-17, -9.189514472397947e-11, 0.15996975200545052, 0.10370524520303093]
  - [4.522565594703409e-31, -2.4040569265150062e-14, -8.330227347457065e-17, -2.593657829747235e-17,
    2.073388058442707e-45, -7.104281777634523e-39, -2.0431679735007996e-30, 3.1549006410797725e-30]
  - [-7.207328341181259e-24, 2.963964572404074e-07, 1.3667001906697666e-10, -9.189514472397947e-11,
    -7.104281777634523e-39, 7.453448138014476e-31, 1.1611184047094673e-22, -1.0107746717893087e-22]
  - [-7.720707624835405e-15, 148.93080940208972, 0.0023574125192817497, 0.15996975200545052,
    -2.0431679735007996e-30, 1.1611184047094673e-22, 1.529493887416868e-13, -2.5782873502566946e-14]
  - [6.471138920029177e-16, -119.19395787702092, -0.11779342883219467, 0.10370524520303093,
    3.1549006410797725e-30, -1.0107746717893087e-22, -2.5782873502566946e-14, 1.5362998922995562e-13]
  cov_log10:
  - [0.00202849710213943, -0.0013399121576729088, 9.37030083735068e-05, -0.0014845070537031174,
    0.0007473218622489416, -0.001375001449287407, -0.0014627658892839858, 0.0001564797976131896]
  - [-0.0013399121576729088, 0.0013274182157221332, 5.6849622708894774e-05, 0.0005460785006504942,
    -0.001304584187142251, 0.0018230705097586936, 0.0010468863301194913, -0.0008969869582535399]
  - [9.37030083735068e-05, 5.6849622708894774e-05, 0.00027118961912523884, 0.00040764691456096207,
    -0.0009223785510997832, 7.782241493859722e-05, -1.747157333923894e-05, -0.00020808052221097]
  - [-0.0014845070537031174, 0.0005460785006504942, 0.00040764691456096207, 0.004291016668793706,
    -0.0014416337677805647, -0.0006853492890166213, 0.0010253953165471031, 0.0009591856322089708]
  - [0.0007473218622489416, -0.001304584187142251, -0.0009223785510997832, -0.0014416337677805647,
    0.004674230176497744, -0.0017494650967243314, -0.0005722114839849937, 0.0010916518056762771]
  - [-0.001375001449287407, 0.0018230705097586936, 7.782241493859722e-05, -0.0006853492890166213,
    -0.0017494650967243314, 0.019720154867263254, 0.004482859696013487, -0.0034772929564636256]
  - [-0.0014627658892839858, 0.0010468863301194913, -1.747157333923894e-05, 0.0010253953165471031,
    -0.0005722114839849937, 0.004482859696013487, 0.006559282049354331, -0.0012874572819650178]
  - [0.0001564797976131896, -0.0008969869582535399, -0.00020808052221097, 0.0009591856322089708,
    0.0010916518056762771, -0.0034772929564636256, -0.0012874572819650178, 0.0070044700913170855]
  length of chains: [1725, 1696, 1708, 1713, 1704, 1719, 1680, 1697, 1710, 1680, 1703,
    1718, 1740, 1673, 1668, 1685, 1666, 1690, 1692]
  max_samples: 30000
  mean: [4.749383093963267e-07, 12459069146.419151, 58680807.13685689, 11165188.732516967,
    2.9572926998761575e-22, 2.3116375795118074e-15, 2.0301185720644375e-06, 2.1679456437239316e-06]
  mean_log10: [-6.323362798014521, 10.095485596121293, 7.768496078802334, 7.047866068634319,
    -21.529105688781264, -14.636080253969476, -5.6924785957373105, -5.663951610937476]
  proposal_std: 0.005
  surrogate_is_updated: true
  time_limit: 57600
  type: MH
