best_fit_L2:
  parameters: [3.9590297244242693e-07, 15226398011.776829, 58438752.59424007, 11687195.192567851,
    3.1623679236573273e-22, 1.7623966642772561e-15, 1.626912543708619e-06, 7.248289305274371e-07]
  parameters_log: [-14.742096674798791, 23.446296469760476, 17.883489799551203, 16.274004372458705,
    -49.50555095595789, -33.97210177112252, -13.328826484270698, -14.13733016782737]
  parameters_log10: [-6.4024112375493925, 10.182597177884668, 7.766700937118179, 7.067710297428208,
    -21.499987603752764, -14.753896337854197, -5.788635792364684, -6.1397644807318]
estimated_distributions:
- {mu: 2.5804101441964476e-07, mu_log10: -6.647375844940034, name: storativity, sigma: 1.3679662325901763e-07,
  sigma_log10: 0.22501098215535278}
- {mu: 13773897416.352009, mu_log10: 10.11029455042692, name: young_modulus, sigma: 4631716858.183477,
  sigma_log10: 0.16790529701481352}
- {mu: 44139598.705313854, mu_log10: 7.618518123861991, name: init_stress_x, sigma: 15297622.123690818,
  sigma_log10: 0.15171210883522632}
- {mu: 14844142.299720699, mu_log10: 7.115232511971844, name: init_stress_y, sigma: 8751854.963701103,
  sigma_log10: 0.21045594936774245}
- {mu: 1.1253439366894956e-21, mu_log10: -21.09711537256172, name: perm_kr, sigma: 7.697554308879224e-22,
  sigma_log10: 0.4049645661476947}
- {mu: 3.906739952563174e-15, mu_log10: -14.813525501956287, name: perm_km, sigma: 7.389024661183456e-15,
  sigma_log10: 0.5768884812421434}
- {mu: 1.9646391406382553e-06, mu_log10: -5.8134149230673415, name: perm_beta, sigma: 1.627018347566701e-06,
  sigma_log10: 0.294269371342393}
- {mu: 9.631845874276604e-07, mu_log10: -6.097539915044704, name: perm_gamma, sigma: 5.291534539001758e-07,
  sigma_log10: 0.2876766938876392}
mode: [5.902522200143518e-07, 6777495097.7137, 49436318.25236574, 16136757.54811956,
  2.3071192179228e-21, 7.763614108771948e-15, 1.5456428762302595e-06, 3.349154594386468e-07]
no chains: 38
no parameters: 8
samplers_list:
- N samples [a, r, pr, all]: [182, 5565, 0, 5747]
  SD: [1.7374191297569722e-07, 4187632148.3193164, 12479245.60814226, 6129055.562004978,
    6.51146819233908e-22, 2.4055688724370875e-15, 1.0386216446605858e-06, 6.87771768915483e-07]
  SD_log10: [0.2075613302460097, 0.150680307464224, 0.1262045826618569, 0.2296945069144896,
    0.35047649666600006, 0.3538907751009707, 0.21746738845796051, 0.23158688715232947]
  acceptance ratio [a/r, a/all]: [0.03270440251572327, 0.031668696711327646]
  accepted,rejected,pre-rejected,sum,seed:
  - [4, 318, 0, 322, 2]
  - [12, 304, 0, 316, 1002]
  - [8, 299, 0, 307, 10002]
  - [12, 281, 0, 293, 11002]
  - [13, 297, 0, 310, 12002]
  - [7, 315, 0, 322, 13002]
  - [7, 313, 0, 320, 14002]
  - [6, 300, 0, 306, 15002]
  - [12, 262, 0, 274, 16002]
  - [11, 259, 0, 270, 17002]
  - [12, 256, 0, 268, 18002]
  - [6, 312, 0, 318, 2002]
  - [11, 307, 0, 318, 3002]
  - [14, 306, 0, 320, 4002]
  - [7, 312, 0, 319, 5002]
  - [10, 243, 0, 253, 6002]
  - [10, 277, 0, 287, 7002]
  - [7, 308, 0, 315, 8002]
  - [13, 296, 0, 309, 9002]
  corr:
  - [1.0, -0.5134838070865801, 0.5934742560868987, 0.14296399582769914, 0.018795677479069996,
    0.04853970573909204, -0.07689069255785465, -0.321796114315593]
  - [-0.5134838070865801, 1.0, -0.027959984140471468, -0.4281791748778692, -0.45963569906402596,
    -0.33467412074923925, 0.12864824447167741, 0.008829448194073424]
  - [0.5934742560868987, -0.02795998414047147, 1.0, 0.4279182137642016, -0.6520280524433448,
    -0.21725300415138168, -0.027275895231150517, -0.4301153334184131]
  - [0.14296399582769914, -0.4281791748778692, 0.4279182137642015, 1.0, -0.12843584377398823,
    0.04778460309260345, -0.3031916944095878, -0.1629403055449677]
  - [0.01879567747907, -0.45963569906402596, -0.6520280524433449, -0.1284358437739882,
    1.0, 0.3860042409752325, -0.06945236752127748, -0.04443290909088014]
  - [0.04853970573909204, -0.33467412074923925, -0.21725300415138168, 0.04778460309260345,
    0.3860042409752325, 0.9999999999999999, -0.1529343742368939, -0.16025939606683198]
  - [-0.07689069255785465, 0.1286482444716774, -0.027275895231150513, -0.3031916944095878,
    -0.0694523675212775, -0.1529343742368939, 0.9999999999999998, 0.02478423459068071]
  - [-0.321796114315593, 0.008829448194073424, -0.4301153334184131, -0.1629403055449677,
    -0.04443290909088014, -0.16025939606683198, 0.02478423459068071, 1.0]
  corr_log10:
  - [1.0, -0.46008861801612855, 0.7392551027035752, 0.11670532895614766, -0.28196393995310837,
    0.07464872733252444, 0.08583010376009989, -0.3453858064301969]
  - [-0.46008861801612855, 1.0, -0.009290637108696632, -0.39176901005080494, -0.40335904826941393,
    -0.18560486771654897, 0.1959716879478235, 0.15093865255068695]
  - [0.7392551027035752, -0.009290637108696632, 1.0, 0.3515533797870813, -0.7302284027093257,
    -0.10178889298103454, 0.07913364146837139, -0.3922232312361269]
  - [0.11670532895614767, -0.39176901005080494, 0.3515533797870813, 0.9999999999999999,
    -0.18459241592295736, -0.10798725389949582, -0.3247181715148622, -0.06054401108675964]
  - [-0.28196393995310837, -0.40335904826941393, -0.7302284027093257, -0.18459241592295736,
    1.0, 0.22133288176003846, -0.10507694062320318, -0.013542196763504405]
  - [0.07464872733252444, -0.185604867716549, -0.10178889298103452, -0.10798725389949582,
    0.22133288176003846, 0.9999999999999999, -0.003465754538487234, -0.1378605029387203]
  - [0.08583010376009989, 0.19597168794782346, 0.07913364146837139, -0.32471817151486215,
    -0.10507694062320319, -0.003465754538487234, 1.0, 0.11670294078637332]
  - [-0.34538580643019695, 0.15093865255068695, -0.39222323123612696, -0.06054401108675964,
    -0.013542196763504405, -0.13786050293872032, 0.11670294078637332, 1.0]
  cov:
  - [3.0191488448015223e-14, -373.6587899983738, 1.28697509418908, 0.15226502633658556,
    2.12675191753348e-30, 2.0290598625511365e-23, -1.3877494599367105e-14, -3.845962686368608e-14]
  - [-373.6587899983738, 1.7539304859248548e+19, -1461400005540193.0, -1.099165151796565e+16,
    -1.2535351813441204e-12, -3.3719705905826527e-06, 559.6352796771333, 25.4344153795755]
  - [1.28697509418908, -1461400005540193.0, 155758584230379.4, 32735425411917.453,
    -5.299182335621726e-15, -6.522997990038044e-09, -0.3535900547178833, -3.692265558812953]
  - [0.15226502633658556, -1.099165151796565e+16, 32735425411917.453, 37571838183113.42,
    -5.126654516381165e-16, 7.046519584405644e-10, -1.9303833094435987, -0.6869763029836949]
  - [2.12675191753348e-30, -1.2535351813441204e-12, -5.299182335621726e-15, -5.126654516381165e-16,
    4.240657261100054e-43, 6.047336308187935e-37, -4.697844890937731e-29, -1.9902303432096758e-29]
  - [2.0290598625511365e-23, -3.3719705905826527e-06, -6.522997990038044e-09, 7.046519584405644e-10,
    6.047336308187935e-37, 5.787765374817159e-30, -3.8216912786919957e-22, -2.6519233602686903e-22]
  - [-1.3877494599367105e-14, 559.6352796771333, -0.3535900547178833, -1.9303833094435987,
    -4.697844890937731e-29, -3.8216912786919957e-22, 1.0789220386969101e-12, 1.7707308423861177e-14]
  - [-3.845962686368608e-14, 25.4344153795755, -3.692265558812953, -0.6869763029836949,
    -1.9902303432096758e-29, -2.6519233602686903e-22, 1.7707308423861177e-14, 4.731120581563625e-13]
  cov_log10:
  - [0.043089178789348474, -0.014391953894663244, 0.019368287708661246, 0.0055649730847183825,
    -0.020515128485442135, 0.005484201734147512, 0.003874855829315701, -0.016605051367069735]
  - [-0.014391953894663244, 0.02270849340184241, -0.00017670646790184474, -0.01356164939797812,
    -0.021305048479171973, -0.0098989795731071, 0.0064227245446434435, 0.005268005965116896]
  - [0.019368287708661246, -0.00017670646790184474, 0.015930359494339127, 0.010192772670900406,
    -0.03230487549449043, -0.00454694901626436, 0.0021722296710252635, -0.01146562490641103]
  - [0.0055649730847183825, -0.01356164939797812, 0.010192772670900406, 0.052768718209465985,
    -0.014862733428878033, -0.008779457381527592, -0.016222831882843822, -0.0032211510508846778]
  - [-0.020515128485442135, -0.021305048479171973, -0.03230487549449043, -0.014862733428878033,
    0.12285508152788852, 0.02745676748941606, -0.008010060274724017, -0.0010993533656899744]
  - [0.005484201734147512, -0.0098989795731071, -0.00454694901626436, -0.008779457381527592,
    0.02745676748941606, 0.1252604046704663, -0.00026676970476761783, -0.011300519062077867]
  - [0.003874855829315701, 0.0064227245446434435, 0.0021722296710252635, -0.016222831882843822,
    -0.008010060274724017, -0.00026676970476761783, 0.04730026834975714, 0.0058784825142278304]
  - [-0.016605051367069735, 0.005268005965116896, -0.01146562490641103, -0.0032211510508846778,
    -0.0010993533656899744, -0.011300519062077867, 0.0058784825142278304, 0.05364178942081868]
  length of chains: [323, 317, 308, 294, 311, 323, 321, 307, 275, 271, 269, 319, 319,
    321, 320, 254, 288, 316, 310]
  max_samples: 10000
  mean: [3.9575559279006653e-07, 13028376335.79756, 49927171.09127926, 13074156.42075744,
    8.070099105282509e-22, 2.425424531921071e-15, 1.9831116117187553e-06, 1.2603961632713298e-06]
  mean_log10: [-6.402572939003315, 10.114890295041718, 7.698336959320629, 7.116413676611652,
    -21.09312113186863, -14.615212234078587, -5.7026528425322125, -5.899492927516942]
  proposal_std: 0.1
  surrogate_is_updated: true
  time_limit: 10800
  type: MH
- N samples [a, r, pr, all]: [20, 10727, 388253, 399000]
  SD: [2.3122447707022392e-07, 4262749920.9969954, 13876121.542619523, 8218315.045829864,
    7.735322185905583e-22, 2.1367175557113776e-15, 1.2416823006196453e-06, 7.810641231606653e-07]
  SD_log10: [0.24342861002334176, 0.1697978153233378, 0.1397271881989401, 0.27110866365326275,
    0.3775169185823984, 0.4370332515265357, 0.2367310087058321, 0.3179037675979435]
  acceptance ratio [a/r, a/all]: [0.001864454181038501, 5.012531328320802e-05]
  accepted,rejected,pre-rejected,sum,seed:
  - [2, 884, 7552, 8438, 3]
  - [0, 849, 20561, 21410, 1003]
  - [5, 95, 29900, 30000, 10003]
  - [0, 261, 29739, 30000, 11003]
  - [0, 28, 29972, 30000, 12003]
  - [0, 883, 8014, 8897, 13003]
  - [1, 906, 14335, 15242, 14003]
  - [0, 871, 10873, 11744, 15003]
  - [1, 685, 21400, 22086, 16003]
  - [0, 656, 10511, 11167, 17003]
  - [0, 508, 29492, 30000, 18003]
  - [1, 835, 20053, 20889, 2003]
  - [2, 802, 23235, 24039, 3003]
  - [0, 33, 29967, 30000, 4003]
  - [0, 851, 6041, 6892, 5003]
  - [3, 702, 7491, 8196, 6003]
  - [2, 155, 29843, 30000, 7003]
  - [2, 171, 29827, 30000, 8003]
  - [1, 552, 29447, 30000, 9003]
  corr:
  - [1.0, -0.5091503562787469, 0.3860450555935625, -0.10407300457435167, 0.4573333195688261,
    0.11434809197820317, -0.2084194741844114, -0.4822057883986473]
  - [-0.5091503562787469, 1.0, 0.19212430535874037, -0.06469908056158917, -0.759012850222645,
    -0.19579616156645943, 0.37849831373216014, -0.0579572659134412]
  - [0.3860450555935625, 0.1921243053587404, 1.0, 0.564569464162494, -0.517312756246742,
    -0.09170549223141623, -0.06614725193702735, -0.7600872231330055]
  - [-0.10407300457435167, -0.06469908056158917, 0.564569464162494, 1.0, -0.3735495022174753,
    -0.06283962597119754, -0.34784219662311167, -0.24970599969602864]
  - [0.4573333195688261, -0.7590128502226451, -0.517312756246742, -0.37354950221747524,
    1.0, 0.22215375018699454, -0.16690348459344048, 0.11561744202174329]
  - [0.11434809197820317, -0.19579616156645943, -0.09170549223141623, -0.06283962597119754,
    0.22215375018699454, 1.0, 0.021815634494762575, -0.032015454984239126]
  - [-0.20841947418441142, 0.37849831373216014, -0.06614725193702735, -0.34784219662311167,
    -0.16690348459344045, 0.021815634494762575, 1.0, -0.022756612079901702]
  - [-0.48220578839864736, -0.0579572659134412, -0.7600872231330055, -0.24970599969602866,
    0.1156174420217433, -0.032015454984239126, -0.0227566120799017, 1.0]
  corr_log10:
  - [1.0, -0.5178976871129347, 0.5276957093496598, -0.17993653043023008, 0.14675348625241563,
    0.08730270793445101, -0.11320832647219276, -0.5701368695842579]
  - [-0.5178976871129346, 0.9999999999999999, 0.12821327710477784, -0.1337466438507101,
    -0.5850132960283644, -0.04725774885428566, 0.47254974132570937, 0.0009828486803582425]
  - [0.5276957093496598, 0.12821327710477784, 1.0, 0.37789876858600413, -0.6407250103427111,
    -0.18660128560124967, 0.014399248952932767, -0.8488427521157852]
  - [-0.17993653043023008, -0.1337466438507101, 0.37789876858600413, 0.9999999999999998,
    -0.36169101106837076, -0.24474055410276385, -0.36718079630703854, -0.24769640205088725]
  - [0.14675348625241563, -0.5850132960283644, -0.6407250103427111, -0.36169101106837076,
    1.0, 0.31560697687541656, -0.1158148698362741, 0.2985528524246663]
  - [0.08730270793445101, -0.04725774885428566, -0.1866012856012497, -0.24474055410276388,
    0.3156069768754165, 1.0, 0.1798041146396319, 0.15475211108391257]
  - [-0.11320832647219274, 0.47254974132570937, 0.014399248952932767, -0.3671807963070385,
    -0.11581486983627409, 0.1798041146396319, 1.0, -0.022567882320781246]
  - [-0.5701368695842579, 0.0009828486803582423, -0.8488427521157852, -0.24769640205088725,
    0.2985528524246662, 0.15475211108391257, -0.022567882320781246, 1.0]
  cov:
  - [5.346489278678657e-14, -501.84638645751545, 1.2386282587194053, -0.19776788672853146,
    8.179865171054777e-29, 5.649511993386917e-23, -5.983891093722125e-14, -8.708713500898556e-14]
  - [-501.84638645751545, 1.8171082428348897e+19, 1.1364264910500146e+16, -2266584101315514.0,
    -2.5027558166666858e-12, -1.7833731972943022e-06, 2003.3894526817364, -192.96810097484536]
  - [1.2386282587194053, 1.1364264910500146e+16, 192547231616730.9, 64382724986113.555,
    -5.552656126234636e-15, -2.719015280090889e-09, -1.1397024464108518, -8.237952918313143]
  - [-0.19776788672853146, -2266584101315514.0, 64382724986113.555, 67540871460058.72,
    -2.3747092477026608e-15, -1.1034802988904928e-09, -3.549577229472137, -1.6028745787466205]
  - [8.179865171054777e-29, -2.5027558166666858e-12, -5.552656126234636e-15, -2.3747092477026608e-15,
    5.983535927602503e-43, 3.6718105301861645e-37, -1.6030807173471434e-28, 6.985372047824162e-29]
  - [5.649511993386917e-23, -1.7833731972943022e-06, -2.719015280090889e-09, -1.1034802988904928e-09,
    3.6718105301861645e-37, 4.565573354886603e-30, 5.787973658787571e-23, -5.34311565079586e-23]
  - [-5.983891093722125e-14, 2003.3894526817364, -1.1397024464108518, -3.549577229472137,
    -1.6030807173471434e-28, 5.787973658787571e-23, 1.5417787995975334e-12, -2.2070179993015675e-14]
  - [-8.708713500898556e-14, -192.96810097484536, -8.237952918313143, -1.6028745787466205,
    6.985372047824162e-29, -5.34311565079586e-23, -2.2070179993015675e-14, 6.100626933941909e-13]
  cov_log10:
  - [0.0592576366857417, -0.02140665339908921, 0.017948873232046338, -0.011875049976413431,
    0.013486447131720654, 0.009287843818054172, -0.00652388394536291, -0.04412121967560001]
  - [-0.02140665339908921, 0.02883137034425048, 0.003041915228059073, -0.006156862799147874,
    -0.03750035187078, -0.003506878325718113, 0.018994849852603003, 5.30536808345464e-05]
  - [0.017948873232046338, 0.003041915228059073, 0.019523736051299024, 0.014315314083182037,
    -0.03379793016668543, -0.011394915813197133, 0.00047629606888000974, -0.03770551940612904]
  - [-0.011875049976413431, -0.006156862799147874, 0.014315314083182037, 0.07350009170985715,
    -0.037018483185224146, -0.02899779030892327, -0.023565659196275963, -0.02134813093709048]
  - [0.013486447131720654, -0.03750035187078, -0.03379793016668543, -0.037018483185224146,
    0.14251938099032843, 0.05207131968988188, -0.010350396333091405, 0.03583062697903519]
  - [0.009287843818054172, -0.003506878325718113, -0.011394915813197133, -0.02899779030892327,
    0.05207131968988188, 0.1909985416101886, 0.018602458498756552, 0.021500463726437994]
  - [-0.00652388394536291, 0.018994849852603003, 0.00047629606888000974, -0.023565659196275963,
    -0.010350396333091405, 0.018602458498756552, 0.05604171093161782, -0.001698410712846142]
  - [-0.04412121967560001, 5.30536808345464e-05, -0.03770551940612904, -0.02134813093709048,
    0.03583062697903519, 0.021500463726437994, -0.001698410712846142, 0.10106305873178753]
  length of chains: [8439, 21411, 30001, 30001, 30001, 8898, 15243, 11745, 22087,
    11168, 30001, 20890, 24040, 30001, 6893, 8197, 30001, 30001, 30001]
  max_samples: 30000
  mean: [3.5396634815212307e-07, 12452589443.821465, 43980018.31299809, 12478370.10811351,
    1.3063408271948509e-21, 2.300569983611914e-15, 2.2587878365341002e-06, 1.0260246510033978e-06]
  mean_log10: [-6.451038024715843, 10.095259669843779, 7.643255405862251, 7.09615786264774,
    -20.883943499891696, -14.63816455090856, -5.646124559584151, -5.988842204851745]
  proposal_std: 0.2
  surrogate_is_updated: true
  time_limit: 28800
  type: DAMH
