best_fit_L2:
  parameters: [1.0196700728757381e-07, 43922955317.1433, 49620499.00119982, 13851617.575352114,
    2.831975829664521e-22, 1.0749066093587791e-18, 3.725631475444884e-07, 9.676889283048865e-07]
  parameters_log: [-16.098616533950914, 24.505702920525604, 17.719914592630403, 16.44391257622211,
    -49.61589740479693, -41.37429789110214, -14.802859289884935, -13.84835515637237]
  parameters_log10: [-6.991540326971336, 10.642691553544672, 7.695661127376292, 7.141500492752749,
    -21.54791045758118, -17.968629266727007, -6.4288001059873165, -6.014264227848964]
estimated_distributions:
- {mu: 9.782333953051856e-08, mu_log10: -7.050604520737389, name: storativity, sigma: 3.6175450302756776e-08,
  sigma_log10: 0.20777080758876978}
- {mu: 55866047395.12625, mu_log10: 10.710538439708635, name: young_modulus, sigma: 26191509314.483074,
  sigma_log10: 0.16680429453795967}
- {mu: 47307494.00602209, mu_log10: 7.671376405700865, name: init_stress_x, sigma: 5825957.896749534,
  sigma_log10: 0.05666666791103903}
- {mu: 11744698.54831282, mu_log10: 7.056570820083837, name: init_stress_y, sigma: 2718033.959806019,
  sigma_log10: 0.1112408557974936}
- {mu: 3.201440920117393e-22, mu_log10: -21.525134572770444, name: perm_kr, sigma: 1.1143555736890565e-22,
  sigma_log10: 0.17006741362991246}
- {mu: 1.6125451872095386e-18, mu_log10: -17.84295075705146, name: perm_km, sigma: 7.667077396482014e-19,
  sigma_log10: 0.21143865428053735}
- {mu: 5.561657360783626e-07, mu_log10: -6.326337000443053, name: perm_beta, sigma: 3.287963024845436e-07,
  sigma_log10: 0.24852168219663923}
- {mu: 5.561091049079606e-07, mu_log10: -6.274441254389515, name: perm_gamma, sigma: 1.7096416073719283e-07,
  sigma_log10: 0.12962665089970452}
mode: [1.0196700728757381e-07, 43922955317.1433, 49620499.00119982, 13851617.575352114,
  2.831975829664521e-22, 1.0749066093587791e-18, 3.725631475444884e-07, 9.676889283048865e-07]
no chains: 38
no parameters: 8
samplers_list:
- N samples [a, r, pr, all]: [1267, 9249, 0, 10516]
  SD: [3.0007844321492364e-08, 24367734765.4595, 6131128.234942462, 2485059.5996726593,
    1.97169620456692e-22, 9.253447701813628e-19, 2.093463360791645e-07, 1.6604810169973373e-07]
  SD_log10: [0.147318493039893, 0.14782847167599575, 0.06290076109374848, 0.13035846108614554,
    0.18350594670923584, 0.24970561885039222, 0.1741179661790671, 0.13368651031474144]
  acceptance ratio [a/r, a/all]: [0.13698778246296897, 0.12048307341194371]
  accepted,rejected,pre-rejected,sum,seed:
  - [74, 484, 0, 558, 2]
  - [64, 486, 0, 550, 1002]
  - [64, 491, 0, 555, 10002]
  - [67, 472, 0, 539, 11002]
  - [61, 488, 0, 549, 12002]
  - [76, 482, 0, 558, 13002]
  - [70, 487, 0, 557, 14002]
  - [77, 485, 0, 562, 15002]
  - [80, 426, 0, 506, 16002]
  - [38, 532, 0, 570, 17002]
  - [68, 497, 0, 565, 18002]
  - [60, 496, 0, 556, 2002]
  - [75, 474, 0, 549, 3002]
  - [61, 501, 0, 562, 4002]
  - [73, 483, 0, 556, 5002]
  - [64, 488, 0, 552, 6002]
  - [62, 483, 0, 545, 7002]
  - [61, 492, 0, 553, 8002]
  - [72, 502, 0, 574, 9002]
  corr:
  - [1.0, -0.38313902412547995, 0.5418269251259701, 0.17198312083278988, 0.23513917690724304,
    -0.06836310371219141, -0.3074718840978723, 0.10782889224504401]
  - [-0.38313902412548, 1.0, -0.18206652347188793, 0.004248697905816906, 0.3515871168866006,
    -0.013838193679735102, 0.1691992301805786, -0.1346312252293376]
  - [0.5418269251259701, -0.1820665234718879, 1.0, 0.3965926996982177, -0.18458836929233952,
    -0.12292515612959562, -0.27198046711505175, 0.036383414000534554]
  - [0.1719831208327899, 0.004248697905816906, 0.39659269969821775, 1.0, 0.14634795621260188,
    -0.17912089946393095, -0.316856743313769, 0.07151141197883275]
  - [0.23513917690724304, 0.3515871168866006, -0.1845883692923395, 0.14634795621260188,
    1.0, -0.03652813429736948, -0.10715788339272617, -0.0953195169388421]
  - [-0.06836310371219143, -0.0138381936797351, -0.12292515612959562, -0.17912089946393095,
    -0.03652813429736948, 1.0, -0.036218481619193936, -0.051921910960997894]
  - [-0.3074718840978723, 0.1691992301805786, -0.27198046711505175, -0.31685674331376895,
    -0.10715788339272617, -0.03621848161919393, 1.0, 0.028195734554029548]
  - [0.10782889224504402, -0.1346312252293376, 0.036383414000534554, 0.07151141197883275,
    -0.0953195169388421, -0.0519219109609979, 0.028195734554029548, 1.0]
  corr_log10:
  - [1.0, -0.5045491041340219, 0.551886474907361, 0.19323055154481505, 0.3066840096413052,
    -0.07572651372083368, -0.3733919477608475, 0.11200305437381174]
  - [-0.5045491041340219, 1.0, -0.22899725631889847, -0.08493704003516496, 0.09140821917485399,
    0.05806020746101262, 0.23242730652140417, -0.1437450820239877]
  - [0.551886474907361, -0.22899725631889845, 1.0, 0.41203281799808805, -0.30552689199588673,
    -0.1264282137105748, -0.24416761621500738, 0.09064288764797254]
  - [0.19323055154481505, -0.08493704003516496, 0.41203281799808805, 1.0, 0.07319677107760783,
    -0.19025648489604907, -0.2735836231336715, 0.15961278033590476]
  - [0.3066840096413052, 0.09140821917485398, -0.30552689199588673, 0.07319677107760783,
    0.9999999999999999, 0.021526046122682444, -0.15664206783436038, -0.09213705528980651]
  - [-0.0757265137208337, 0.05806020746101261, -0.1264282137105748, -0.19025648489604907,
    0.021526046122682444, 1.0, -0.06487848800020635, -0.11359978694749225]
  - [-0.3733919477608475, 0.23242730652140417, -0.24416761621500738, -0.27358362313367157,
    -0.15664206783436035, -0.06487848800020633, 1.0, 0.1628497399973483]
  - [0.11200305437381174, -0.1437450820239877, 0.09064288764797256, 0.15961278033590476,
    -0.09213705528980651, -0.11359978694749225, 0.16284973999734834, 0.9999999999999998]
  cov:
  - [9.005562031393154e-16, -280.18673573453793, 0.09969583298692816, 0.01282621921988508,
    1.3913648194626224e-30, -1.8984596471892963e-27, -1.931731658897753e-15, 5.373349415838277e-16]
  - [-280.18673573453793, 5.938428661680068e+20, -2.7203631543763188e+16, 257305486307542.72,
    1.6893877401355764e-12, -3.12060905456055e-10, 863.2172927624804, -544.7987443739536]
  - [0.09969583298692816, -2.7203631543763188e+16, 37594301947968.82, 6043146882680.495,
    -2.2316493626767538e-16, -6.974707013700498e-13, -0.3491280199012699, 0.03704409495961027]
  - [0.01282621921988508, 257305486307542.72, 6043146882680.495, 6176107460480.681,
    7.171412388438564e-17, -4.11934220113333e-13, -0.1648566055932759, 0.029511229471443363]
  - [1.3913648194626224e-30, 1.6893877401355764e-12, -2.2316493626767538e-16, 7.171412388438564e-17,
    3.8879549743588665e-44, -6.665186285022763e-42, -4.42354772827583e-30, -3.121023035732158e-30]
  - [-1.8984596471892963e-27, -3.12060905456055e-10, -6.974707013700498e-13, -4.11934220113333e-13,
    -6.665186285022763e-42, 8.563442293431312e-37, -7.016821110629074e-27, -7.978649440304624e-27]
  - [-1.931731658897753e-15, 863.2172927624804, -0.3491280199012699, -0.1648566055932759,
    -4.42354772827583e-30, -7.016821110629074e-27, 4.383004885206369e-14, 9.802208106977031e-16]
  - [5.373349415838277e-16, -544.7987443739536, 0.03704409495961027, 0.029511229471443363,
    -3.121023035732158e-30, -7.978649440304624e-27, 9.802208106977031e-16, 2.757458950471068e-14]
  cov_log10:
  - [0.021704798647704714, -0.010989046724605092, 0.005114511329128695, 0.003711192757586884,
    0.008291627225585158, -0.002785959327753008, -0.009578710052525316, 0.0022060530234357533]
  - [-0.010989046724605092, 0.021855331583062063, -0.0021295384811696083, -0.001636950926206491,
    0.002479903054659106, 0.0021434147308874605, 0.005983152163715477, -0.002841056657930751]
  - [0.005114511329128695, -0.0021295384811696083, 0.00395688134003501, 0.0033788441455148656,
    -0.003526928951715011, -0.0019859551810102257, -0.0026744148509732853, 0.0007622868812288704]
  - [0.003711192757586884, -0.001636950926206491, 0.0033788441455148656, 0.016994941565316342,
    0.0017511466468851577, -0.006193672452913653, -0.006210322208693524, 0.002781862757486993]
  - [0.008291627225585158, 0.002479903054659106, -0.003526928951715011, 0.0017511466468851577,
    0.03367762921512034, 0.0009864701536781838, -0.005005452700189714, -0.002260545658793744]
  - [-0.002785959327753008, 0.0021434147308874605, -0.0019859551810102257, -0.006193672452913653,
    0.0009864701536781838, 0.062358815289565925, -0.0028210698958512368, -0.003792579074791227]
  - [-0.009578710052525316, 0.005983152163715477, -0.0026744148509732853, -0.006210322208693524,
    -0.005005452700189714, -0.0028210698958512368, 0.030319944166664645, 0.0037910496121000806]
  - [0.0022060530234357533, -0.002841056657930751, 0.0007622868812288704, 0.002781862757486993,
    -0.002260545658793744, -0.003792579074791227, 0.0037910496121000806, 0.01787377964949742]
  length of chains: [559, 551, 556, 540, 550, 559, 558, 563, 507, 571, 566, 557, 550,
    563, 557, 553, 546, 554, 575]
  max_samples: 10000
  mean: [1.0052636893311873e-07, 61091158087.360664, 45906160.59190482, 9276547.211839153,
    3.6952173020406116e-22, 1.5618375735069424e-18, 4.418008772728222e-07, 5.698293209421025e-07]
  mean_log10: [-6.997720004113621, 10.785978358004543, 7.661870971627351, 6.967386359206212,
    -21.432360017268554, -17.806364133453307, -6.354773426096165, -6.2442552076136755]
  proposal_std: 0.03
  surrogate_is_updated: true
  time_limit: 18000
  type: MH
- N samples [a, r, pr, all]: [44, 10191, 89478, 99713]
  SD: [3.639421657364131e-08, 28213550843.142277, 4586641.688857127, 3469079.330357045,
    9.401955481671782e-23, 8.345179574922976e-19, 2.775570595381544e-07, 1.6843929708514921e-07]
  SD_log10: [0.21221174929386658, 0.17108576931246255, 0.043295107471593194, 0.1563284691512189,
    0.16046264485069237, 0.2123821933787279, 0.20655079219408506, 0.1256775348636864]
  acceptance ratio [a/r, a/all]: [0.004317535079972525, 0.00044126643466749574]
  accepted,rejected,pre-rejected,sum,seed:
  - [0, 533, 1394, 1927, 3]
  - [0, 529, 1051, 1580, 1003]
  - [5, 531, 1796, 2332, 10003]
  - [1, 540, 601, 1142, 11003]
  - [6, 533, 7127, 7666, 12003]
  - [5, 510, 13608, 14123, 13003]
  - [0, 544, 985, 1529, 14003]
  - [0, 553, 1458, 2011, 15003]
  - [3, 534, 4865, 5402, 16003]
  - [0, 554, 4790, 5344, 17003]
  - [3, 541, 3441, 3985, 18003]
  - [8, 538, 8548, 9094, 2003]
  - [0, 507, 1271, 1778, 3003]
  - [4, 514, 1944, 2462, 4003]
  - [2, 543, 1881, 2426, 5003]
  - [0, 545, 10563, 11108, 6003]
  - [1, 549, 4157, 4707, 7003]
  - [6, 526, 19368, 19900, 8003]
  - [0, 567, 630, 1197, 9003]
  corr:
  - [1.0, -0.9020091669325259, 0.5404201886550151, -0.2390637012775852, 0.5941494169591395,
    0.2989934732255889, -0.43424037718901864, -0.21871369969834958]
  - [-0.9020091669325259, 1.0, -0.3211976001088342, 0.19375621029318987, -0.7524375175162112,
    -0.19693573453661622, 0.4437130682961412, 0.1092892825083311]
  - [0.540420188655015, -0.3211976001088342, 0.9999999999999998, 0.28175067770720347,
    -0.24448220083333885, 0.11396245738679298, -0.20406237565684832, 0.10511904824496221]
  - [-0.2390637012775852, 0.19375621029318987, 0.28175067770720347, 1.0, -0.2471298589842644,
    -0.26277286162783986, -0.08040193830239399, 0.29809046994386895]
  - [0.5941494169591396, -0.7524375175162112, -0.24448220083333888, -0.2471298589842644,
    1.0, 0.27090928269602144, -0.24194639821972552, -0.3704661020418012]
  - [0.29899347322558883, -0.19693573453661622, 0.11396245738679298, -0.2627728616278398,
    0.2709092826960214, 0.9999999999999999, 0.09195432082166431, -0.521590899094914]
  - [-0.4342403771890186, 0.44371306829614127, -0.20406237565684832, -0.08040193830239398,
    -0.24194639821972555, 0.09195432082166431, 1.0, 0.028252818814467284]
  - [-0.2187136996983496, 0.10928928250833109, 0.10511904824496221, 0.29809046994386895,
    -0.37046610204180114, -0.521590899094914, 0.028252818814467284, 0.9999999999999999]
  corr_log10:
  - [1.0, -0.9485039827472349, 0.4713548260936406, -0.24823331102645677, 0.7309355041631073,
    0.3119884294396287, -0.4481732071889639, -0.20257632395618047]
  - [-0.9485039827472348, 0.9999999999999999, -0.3208491070445963, 0.0682563272333348,
    -0.8482591329896285, -0.22773599668106007, 0.4761636690954541, 0.18722762008129504]
  - [0.4713548260936406, -0.3208491070445963, 1.0, 0.288410072881982, -0.16092012664922056,
    0.09877683251606698, -0.11670189346707531, 0.1086472085750037]
  - [-0.24823331102645674, 0.06825632723333479, 0.288410072881982, 1.0, -0.22404806728581408,
    -0.2760805764205876, 0.10709508865120393, 0.2185417899710511]
  - [0.7309355041631073, -0.8482591329896285, -0.16092012664922056, -0.22404806728581408,
    1.0, 0.2863109418739177, -0.374436150957411, -0.33972271314639957]
  - [0.3119884294396287, -0.22773599668106007, 0.09877683251606699, -0.2760805764205876,
    0.2863109418739177, 1.0, 0.02914870743382648, -0.5780224231377488]
  - [-0.4481732071889639, 0.4761636690954541, -0.11670189346707531, 0.10709508865120393,
    -0.37443615095741106, 0.02914870743382648, 1.0, 0.19751771466594514]
  - [-0.20257632395618047, 0.187227620081295, 0.1086472085750037, 0.21854178997105111,
    -0.3397227131463996, -0.5780224231377488, 0.19751771466594514, 1.0]
  cov:
  - [1.3245522811251554e-15, -926.2013914879752, 0.09021175019413992, -0.030183152656722678,
    2.0330618712800254e-30, 9.081009381950863e-27, -4.386510879950714e-15, -1.3407757214434577e-15]
  - [-926.2013914879752, 7.960124326933948e+20, -4.1565136263618904e+16, 1.896408815848937e+16,
    -1.9959549518344683e-12, -4.63684220119105e-09, 3474.6942891346534, 519.3774597918348]
  - [0.09021175019413992, -4.1565136263618904e+16, 21037492922224.066, 4483099412538.479,
    -1.0543009689736709e-16, 4.362110477662242e-13, -0.2597851876451647, 0.08121271121119118]
  - [-0.030183152656722678, 1.896408815848937e+16, 4483099412538.479, 12034632070025.467,
    -8.060500287365598e-17, -7.607374264359351e-13, -0.07741718622289469, 0.17418473737909634]
  - [2.0330618712800254e-30, -1.9959549518344683e-12, -1.0543009689736709e-16, -8.060500287365598e-17,
    8.839765323131776e-45, 2.1256028216817578e-41, -6.313845991373813e-30, -5.8669777517769544e-30]
  - [9.081009381950863e-27, -4.63684220119105e-09, 4.362110477662242e-13, -7.607374264359351e-13,
    2.1256028216817578e-41, 6.9642720436381145e-37, 2.1299257301592273e-26, -7.331848231553368e-26]
  - [-4.386510879950714e-15, 3474.6942891346534, -0.2597851876451647, -0.07741718622289469,
    -6.313845991373813e-30, 2.1299257301592273e-26, 7.703869375659765e-14, 1.3208753553698883e-15]
  - [-1.3407757214434577e-15, 519.3774597918348, 0.08121271121119118, 0.17418473737909634,
    -5.8669777517769544e-30, -7.331848231553368e-26, 1.3208753553698883e-15, 2.8372081285767126e-14]
  cov_log10:
  - [0.04503427809126104, -0.03443712014610353, 0.004330724532065106, -0.008235157604965663,
    0.024890108161331803, 0.014061458501350882, -0.019644751288780633, -0.005402815280164305]
  - [-0.03443712014610353, 0.02927063395416478, -0.0023766098820975014, 0.0018255731202857226,
    -0.023287385479318096, -0.008275000435927759, 0.01682679340630192, 0.00402574082702258]
  - [0.004330724532065106, -0.0023766098820975014, 0.0018744851261994191, 0.0019520533193587086,
    -0.0011179631498328215, 0.0009082729364490471, -0.0010436333386724043, 0.000591179550362058]
  - [-0.008235157604965663, 0.0018255731202857226, 0.0019520533193587086, 0.024438835312230008,
    -0.0056202751519629935, -0.009166348912196299, 0.003458110363209614, 0.004293728493328991]
  - [0.024890108161331803, -0.023287385479318096, -0.0011179631498328215, -0.0056202751519629935,
    0.02574851856959443, 0.009757405373443629, -0.012410318805122207, -0.006851103654507791]
  - [0.014061458501350882, -0.008275000435927759, 0.0009082729364490471, -0.009166348912196299,
    0.009757405373443629, 0.04510664834289854, 0.001278699874401923, -0.015428538767367876]
  - [-0.019644751288780633, 0.01682679340630192, -0.0010436333386724043, 0.003458110363209614,
    -0.012410318805122207, 0.001278699874401923, 0.04266365753897313, 0.005127373154332748]
  - [-0.005402815280164305, 0.00402574082702258, 0.000591179550362058, 0.004293728493328991,
    -0.006851103654507791, -0.015428538767367876, 0.005127373154332748, 0.01579500114386958]
  length of chains: [1928, 1581, 2333, 1143, 7667, 14124, 1530, 2012, 5403, 5345,
    3986, 9095, 1779, 2463, 2427, 11109, 4708, 19901, 1198]
  max_samples: 60000
  mean: [9.696184695865037e-08, 60358189603.97661, 48817614.09860046, 11222697.668161107,
    2.7201611658251994e-22, 1.533221478666928e-18, 4.991279447926548e-07, 6.262915598357877e-07]
  mean_log10: [-7.0133991205260715, 10.780736204980386, 7.688576549986273, 7.05009726347762,
    -21.56540536384999, -17.814395105409606, -6.301788114506742, -6.203223440991399]
  proposal_std: 0.05
  surrogate_is_updated: true
  time_limit: 18000
  type: DAMH
