best_fit_L2:
  parameters: [8.03417331574222e-08, 81688086908.30748, 28412277.533082515, 2060379.8196004715,
    4.245801492191341e-22, 8.411644011170181e-19, 2.85373070678247e-07, 9.232444865686876e-07]
  parameters_log: [-16.336976635464517, 25.12617401310452, 17.162331917216374, 14.538400902216978,
    -49.21094143540214, -41.61949982910854, -15.069468492773717, -13.895371754995786]
  parameters_log10: [-7.0950588037645925, 10.912158725232178, 7.453506048239128, 6.313947287530091,
    -21.37204031465924, -18.07511911535517, -6.544587011626539, -6.034683277188974]
estimated_distributions:
- {mu: 1.088762225705938e-07, mu_log10: -7.011636589350765, name: storativity, sigma: 5.3344903109020517e-08,
  sigma_log10: 0.2077723734630397}
- {mu: 115051777395.37932, mu_log10: 11.002870310473666, name: young_modulus, sigma: 60838341593.31828,
  sigma_log10: 0.2278218450149258}
- {mu: 51303956.52224956, mu_log10: 7.687404792742035, name: init_stress_x, sigma: 16702939.548459388,
  sigma_log10: 0.14140411337234357}
- {mu: 8519848.451934952, mu_log10: 6.835252204863037, name: init_stress_y, sigma: 5648396.559056676,
  sigma_log10: 0.29646391186882587}
- {mu: 7.777341956234676e-22, mu_log10: -21.204356683653902, name: perm_kr, sigma: 5.209672165544175e-22,
  sigma_log10: 0.2999736158217436}
- {mu: 1.9184355858613313e-18, mu_log10: -18.0241118845907, name: perm_km, sigma: 2.572104991263848e-18,
  sigma_log10: 0.5590604518783706}
- {mu: 2.5086020137206833e-07, mu_log10: -6.619818253913688, name: perm_beta, sigma: 7.423223271515633e-08,
  sigma_log10: 0.1317952131779475}
- {mu: 2.5339887662542703e-07, mu_log10: -6.706440236091018, name: perm_gamma, sigma: 2.2250538724625058e-07,
  sigma_log10: 0.29917388537181394}
mode: [1.661906398499321e-07, 56257285997.70929, 46463264.3452736, 7788232.846087071,
  1.1539600153223418e-21, 6.444133762989485e-19, 1.9809142954011569e-07, 2.9051416807565725e-07]
no chains: 38
no parameters: 8
samplers_list:
- N samples [a, r, pr, all]: [307, 6438, 0, 6745]
  SD: [5.5597181781982914e-08, 41482187599.83194, 11512577.566551836, 6797572.313835283,
    6.6561514088561655e-22, 3.159032709937111e-18, 1.5304094740347003e-07, 1.553838129707927e-07]
  SD_log10: [0.21355836728059524, 0.20335774903633302, 0.10198332349356415, 0.26035267581979193,
    0.2952668892707196, 0.47262369584093233, 0.16637577956172359, 0.2268689540392843]
  acceptance ratio [a/r, a/all]: [0.04768561665113389, 0.04551519644180875]
  accepted,rejected,pre-rejected,sum,seed:
  - [11, 361, 0, 372, 2]
  - [24, 333, 0, 357, 1002]
  - [12, 327, 0, 339, 10002]
  - [17, 360, 0, 377, 11002]
  - [18, 325, 0, 343, 12002]
  - [21, 358, 0, 379, 13002]
  - [22, 318, 0, 340, 14002]
  - [15, 273, 0, 288, 15002]
  - [17, 334, 0, 351, 16002]
  - [11, 356, 0, 367, 17002]
  - [14, 365, 0, 379, 18002]
  - [14, 354, 0, 368, 2002]
  - [11, 357, 0, 368, 3002]
  - [15, 331, 0, 346, 4002]
  - [19, 333, 0, 352, 5002]
  - [21, 369, 0, 390, 6002]
  - [15, 312, 0, 327, 7002]
  - [13, 334, 0, 347, 8002]
  - [17, 338, 0, 355, 9002]
  corr:
  - [0.9999999999999999, -0.6654929558453124, 0.25054466265914144, 0.21893140913467768,
    -0.11079670145502243, -0.17769367989966067, 0.4247689714464332, -0.12182777205073729]
  - [-0.6654929558453123, 1.0, 0.10100686695231077, -0.39104583521081465, -0.0821568708671204,
    0.12180148827470613, -0.2390452212615433, -0.14975547307674666]
  - [0.25054466265914144, 0.10100686695231076, 1.0, 0.5557487860938767, 0.023874389670898152,
    -0.16134643806016513, -0.04594016036182133, -0.5027753054798066]
  - [0.21893140913467768, -0.3910458352108147, 0.5557487860938767, 1.0, 0.05258915471278634,
    0.026612392279522536, 0.03185516582068564, -0.3140584652540772]
  - [-0.11079670145502243, -0.08215687086712041, 0.023874389670898152, 0.05258915471278634,
    0.9999999999999999, 0.1129906039179651, -0.1340046549165999, 0.18126028122212814]
  - [-0.17769367989966067, 0.12180148827470613, -0.16134643806016513, 0.026612392279522536,
    0.11299060391796512, 0.9999999999999999, 0.08342819327788184, -0.29852767963376753]
  - [0.42476897144643316, -0.23904522126154326, -0.04594016036182133, 0.031855165820685635,
    -0.1340046549165999, 0.08342819327788184, 1.0, 0.10152657432683881]
  - [-0.1218277720507373, -0.14975547307674666, -0.5027753054798066, -0.3140584652540772,
    0.18126028122212814, -0.2985276796337675, 0.10152657432683881, 1.0]
  corr_log10:
  - [1.0, -0.705748271400033, 0.3993970904345459, 0.29155876269508385, -0.0813398670893203,
    -0.1113588824276894, 0.28966183273861534, -0.10711024554579826]
  - [-0.7057482714000332, 1.0, 0.08659761704648172, -0.3617385249057059, -0.01592608587375414,
    -0.11183560412175245, -0.21003207100614513, -0.10598310886442318]
  - [0.3993970904345459, 0.08659761704648172, 1.0, 0.6022128743861896, 0.15382614528888852,
    -0.12424627229717815, -0.02052693572732494, -0.4953793474450947]
  - [0.2915587626950838, -0.3617385249057059, 0.6022128743861896, 1.0, 0.09814929935876347,
    0.15915462673611433, -0.07083289444100688, -0.26546114352984096]
  - [-0.08133986708932028, -0.01592608587375414, 0.15382614528888852, 0.09814929935876347,
    0.9999999999999998, 0.2515316653403184, -0.07572547618221036, 0.041991633981513725]
  - [-0.1113588824276894, -0.11183560412175245, -0.12424627229717815, 0.15915462673611433,
    0.2515316653403184, 1.0, 0.2944031143611784, -0.15834693189837856]
  - [0.2896618327386154, -0.21003207100614513, -0.02052693572732494, -0.07083289444100688,
    -0.07572547618221036, 0.2944031143611784, 1.0, 0.0912725512097599]
  - [-0.10711024554579826, -0.10598310886442318, -0.4953793474450947, -0.26546114352984096,
    0.041991633981513725, -0.15834693189837856, 0.0912725512097599, 1.0]
  cov:
  - [3.0915036746823462e-15, -1535.0485063016656, 0.16038904961881284, 0.08275207606044559,
    -4.100785118349425e-30, -3.1213544860467754e-26, 3.614742952510142e-15, -1.0526138153053796e-15]
  - [-1535.0485063016656, 1.721026327205315e+21, 4.824466913377089e+16, -1.1028269333806523e+17,
    -2.2687829245860935e-12, 1.5963664079549154e-08, -1517.7965957821625, -965.415662932465]
  - [0.16038904961881284, 4.824466913377089e+16, 132559039955018.47, 43497985077143.3,
    1.8297520870458936e-16, -5.868813191073799e-12, -0.0809537428987383, -0.8995317435576551]
  - [0.08275207606044559, -1.1028269333806523e+17, 43497985077143.3, 46213821683179.73,
    2.379783398552262e-16, 5.715524453812495e-13, 0.03314404909178502, -0.3317678713693115]
  - [-4.100785118349425e-30, -2.2687829245860935e-12, 1.8297520870458936e-16, 2.379783398552262e-16,
    4.431090256853549e-43, 2.3762047328722333e-40, -1.3652586415317844e-29, 1.8749764951794056e-29]
  - [-3.1213544860467754e-26, 1.5963664079549154e-08, -5.868813191073799e-12, 5.715524453812495e-13,
    2.3762047328722333e-40, 9.980963263171481e-36, 4.0340271651797006e-26, -1.4655772472063813e-25]
  - [3.614742952510142e-15, -1517.7965957821625, -0.0809537428987383, 0.03314404909178502,
    -1.3652586415317844e-29, 4.0340271651797006e-26, 2.3424994768841512e-14, 2.4146676516411094e-15]
  - [-1.0526138153053796e-15, -965.415662932465, -0.8995317435576551, -0.3317678713693115,
    1.8749764951794056e-29, -1.4655772472063813e-25, 2.4146676516411094e-15, 2.414769936577343e-14]
  cov_log10:
  - [0.045613919866521274, -0.030654296413228633, 0.008699912026418604, 0.01621320774441576,
    -0.005129783194588117, -0.01124141961222094, 0.010293478955981625, -0.005190233387580196]
  - [-0.030654296413228633, 0.041360488890417574, 0.0017962221183720334, -0.019154981920110156,
    -0.000956420198418609, -0.010750298358418169, -0.007107234673896518, -0.004890313050172545]
  - [0.008699912026418604, 0.0017962221183720334, 0.010402136138347286, 0.015992098416873875,
    0.004632743744416666, -0.005989522932359644, -0.0003483434094954923, -0.011463212359143223]
  - [0.01621320774441576, -0.019154981920110156, 0.015992098416873875, 0.06779353850589062,
    0.007546198230171092, 0.019586688541812464, -0.0030686782076740165, -0.015682030230616716]
  - [-0.005129783194588117, -0.000956420198418609, 0.004632743744416666, 0.007546198230171092,
    0.08719542700354112, 0.03510646640479616, -0.0037205836780753758, 0.002813304903607]
  - [-0.01124141961222094, -0.010750298358418169, -0.005989522932359644, 0.019586688541812464,
    0.03510646640479616, 0.22340618657918274, 0.02315326309524159, -0.016981045483351713]
  - [0.010293478955981625, -0.007107234673896518, -0.0003483434094954923, -0.0030686782076740165,
    -0.0037205836780753758, 0.02315326309524159, 0.02768499301605123, 0.0034456374065737513]
  - [-0.005190233387580196, -0.004890313050172545, -0.011463212359143223, -0.015682030230616716,
    0.002813304903607, -0.016981045483351713, 0.0034456374065737513, 0.051477132764118555]
  length of chains: [373, 358, 340, 378, 344, 380, 341, 289, 352, 368, 380, 369, 369,
    347, 353, 391, 328, 348, 356]
  max_samples: 10000
  mean: [1.0366210292363461e-07, 103426700079.78548, 48975195.024949245, 10720796.97845472,
    9.227766449674053e-22, 2.5106109515235263e-18, 3.097425692433084e-07, 3.3155695169386577e-07]
  mean_log10: [-6.98437998516592, 11.014632668356057, 7.689976174081591, 7.030227071782073,
    -21.034903405796086, -17.600220581073273, -6.508999103597055, -6.4794418618836715]
  proposal_std: 0.1
  surrogate_is_updated: true
  time_limit: 10800
  type: MH
- N samples [a, r, pr, all]: [925, 7628, 558692, 567245]
  SD: [5.0981970707549534e-08, 64215220362.72878, 16092220.785630617, 6044900.368951645,
    4.887502152758793e-22, 2.9876090933698206e-18, 8.070602461548647e-08, 2.260556204481925e-07]
  SD_log10: [0.2096865021736745, 0.23865242612163934, 0.1354623284245456, 0.322716340967701,
    0.30447181276641405, 0.6004258117204596, 0.1451505336784547, 0.3095665942061504]
  acceptance ratio [a/r, a/all]: [0.12126376507603566, 0.001630688679494751]
  accepted,rejected,pre-rejected,sum,seed:
  - [37, 482, 29481, 30000, 3]
  - [47, 432, 29521, 30000, 1003]
  - [65, 426, 29509, 30000, 10003]
  - [46, 287, 29667, 30000, 11003]
  - [38, 249, 29713, 30000, 12003]
  - [57, 332, 29611, 30000, 13003]
  - [50, 449, 29501, 30000, 14003]
  - [57, 647, 29296, 30000, 15003]
  - [29, 247, 29724, 30000, 16003]
  - [47, 231, 29722, 30000, 17003]
  - [57, 557, 29386, 30000, 18003]
  - [30, 916, 26299, 27245, 2003]
  - [52, 296, 29652, 30000, 3003]
  - [34, 537, 29429, 30000, 4003]
  - [52, 190, 29758, 30000, 5003]
  - [56, 342, 29602, 30000, 6003]
  - [45, 255, 29700, 30000, 7003]
  - [63, 391, 29546, 30000, 8003]
  - [63, 362, 29575, 30000, 9003]
  corr:
  - [1.0, -0.674394264230773, 0.06897989519316008, -0.021932025847413866, 0.3278271234855941,
    -0.032895335354124006, -0.08302140714398677, -0.11096774164179879]
  - [-0.674394264230773, 1.0, 0.4506726273530647, 0.10367275608416851, -0.2534528455849871,
    -0.02019519778265063, 0.1817439821336219, -0.25061892756451526]
  - [0.06897989519316008, 0.4506726273530647, 1.0, 0.5457824648753725, 0.12587522340576565,
    -0.11206740290389273, -0.11535923315633127, -0.6001292080161474]
  - [-0.021932025847413866, 0.10367275608416851, 0.5457824648753725, 1.0, -0.049977630640581285,
    -0.013714018439532285, -0.4028977908755659, -0.2672067992085471]
  - [0.3278271234855941, -0.2534528455849871, 0.12587522340576568, -0.049977630640581285,
    1.0, 0.11585220926861503, 0.12516750756502226, -0.17829837158256936]
  - [-0.032895335354124006, -0.02019519778265063, -0.11206740290389273, -0.013714018439532284,
    0.11585220926861503, 1.0, 0.5050690386415002, -0.02167343010110139]
  - [-0.08302140714398677, 0.1817439821336219, -0.11535923315633129, -0.40289779087556593,
    0.12516750756502226, 0.5050690386415002, 0.9999999999999999, 0.08485818851683989]
  - [-0.11096774164179879, -0.2506189275645152, -0.6001292080161476, -0.2672067992085472,
    -0.17829837158256936, -0.021673430101101395, 0.08485818851683989, 1.0]
  corr_log10:
  - [0.9999999999999999, -0.7495066014960026, 0.1118168507044891, -0.012464952539380026,
    0.33822456018014957, -0.00856881419738983, -0.13504224004570864, -0.14770468348401417]
  - [-0.7495066014960026, 1.0, 0.4764359639272328, 0.08838681234018136, -0.1679550162615858,
    -0.142383438622531, 0.16047904779444536, -0.3099849616334047]
  - [0.1118168507044891, 0.47643596392723275, 1.0, 0.5471653501486488, 0.17141358221403155,
    -0.19330479779090584, -0.17314306657743164, -0.7176157936011047]
  - [-0.012464952539380026, 0.08838681234018136, 0.5471653501486488, 1.0, -0.11177655199710787,
    -0.05909363927039113, -0.4359854207936219, -0.2809640786021918]
  - [0.33822456018014957, -0.16795501626158577, 0.17141358221403155, -0.11177655199710788,
    1.0, 0.22149117602669405, 0.21145822675916334, -0.24512018483691128]
  - [-0.00856881419738983, -0.142383438622531, -0.19330479779090584, -0.05909363927039113,
    0.22149117602669408, 1.0, 0.7154812675886935, 0.06685914044166207]
  - [-0.13504224004570864, 0.16047904779444536, -0.17314306657743164, -0.4359854207936219,
    0.21145822675916337, 0.7154812675886935, 0.9999999999999998, 0.10728137204433857]
  - [-0.14770468348401417, -0.3099849616334048, -0.7176157936011046, -0.28096407860219175,
    -0.24512018483691125, 0.06685914044166207, 0.10728137204433857, 0.9999999999999998]
  cov:
  - [2.5991659191613556e-15, -2207.848299513577, 0.056592111397004666, -0.0067590441152437794,
    8.168630082283095e-30, -5.010435497273371e-27, -3.415965141720723e-16, -1.278878957815993e-15]
  - [-2207.848299513577, 4.123601795513872e+21, 4.6571036762394054e+17, 4.024320252679848e+16,
    -7.954682975798814e-12, -3.874455045816148e-09, 941.8998719744147, -3638.0437670613874]
  - [0.056592111397004666, 4.6571036762394054e+17, 258960026320843.88, 53091558438450.57,
    9.900199908402486e-16, -5.387903742326994e-12, -0.14982181847026932, -2.1831160457274796]
  - [-0.0067590441152437794, 4.024320252679848e+16, 53091558438450.57, 36540884886536.33,
    -1.4765648905568918e-16, -2.476728573719819e-13, -0.19655801359468178, -0.36513438024574946]
  - [8.168630082283095e-30, -7.954682975798814e-12, 9.900199908402486e-16, -1.4765648905568918e-16,
    2.3887719403621878e-43, 1.6916706714490754e-40, 4.937251917193025e-30, -1.9699282733695772e-29]
  - [-5.010435497273371e-27, -3.874455045816148e-09, -5.387903742326994e-12, -2.476728573719819e-13,
    1.6916706714490754e-40, 8.925823829659034e-36, 1.2178147792572536e-25, -1.46375198534732e-26]
  - [-3.415965141720723e-16, 941.8998719744147, -0.14982181847026932, -0.19655801359468178,
    4.937251917193025e-30, 1.2178147792572536e-25, 6.5134738915020304e-15, 1.5481598031247009e-15]
  - [-1.278878957815993e-15, -3638.0437670613874, -2.1831160457274796, -0.36513438024574946,
    -1.9699282733695772e-29, -1.46375198534732e-26, 1.5481598031247009e-15, 5.110123361986726e-14]
  cov_log10:
  - [0.04396850670356687, -0.037507019727798734, 0.003176120956786144, -0.0008434956103512782,
    0.02159352155018757, -0.0010788257913593596, -0.004110167407096517, -0.009587813911656815]
  - [-0.037507019727798734, 0.056955080896951296, 0.015402445917666657, 0.006807302460292442,
    -0.012204126246291209, -0.02040259695420753, 0.005559088590333115, -0.022901363168483707]
  - [0.003176120956786144, 0.015402445917666657, 0.018350074770566882, 0.02391987171037822,
    0.007069873217668667, -0.01572248861945173, -0.00340441930062975, -0.030092992670547734]
  - [-0.0008434956103512782, 0.006807302460292442, 0.02391987171037822, 0.10414602032128646,
    -0.01098296308738812, -0.011450430444448557, -0.020422660891878344, -0.028068978652386386]
  - [0.02159352155018757, -0.012204126246291209, 0.007069873217668667, -0.01098296308738812,
    0.09270324819116865, 0.04049147912042506, 0.00934525339030686, -0.023103672683151735]
  - [-0.0010788257913593596, -0.02040259695420753, -0.01572248861945173, -0.011450430444448557,
    0.04049147912042506, 0.36051179090752883, 0.06235582422683815, 0.012427248923142885]
  - [-0.004110167407096517, 0.005559088590333115, -0.00340441930062975, -0.020422660891878344,
    0.00934525339030686, 0.06235582422683815, 0.021068714568103306, 0.00482056353112488]
  - [-0.009587813911656815, -0.022901363168483707, -0.030092992670547734, -0.028068978652386386,
    -0.023103672683151735, 0.012427248923142885, 0.00482056353112488, 0.09583164518520196]
  length of chains: [30001, 30001, 30001, 30001, 30001, 30001, 30001, 30001, 30001,
    30001, 30001, 27246, 30001, 30001, 30001, 30001, 30001, 30001, 30001]
  max_samples: 30000
  mean: [1.1082196428230398e-07, 114949389192.73904, 51255647.96117415, 8797291.258413708,
    7.271802005548709e-22, 2.203313013034518e-18, 2.5262462531770966e-07, 2.6823858737655944e-07]
  mean_log10: [-6.95537415638325, 11.060506667898228, 7.709741728132148, 6.94434897071671,
    -21.13835795446544, -17.656923800544615, -6.597524317603594, -6.5714787466959255]
  proposal_std: 0.2
  surrogate_is_updated: true
  time_limit: 28800
  type: DAMH
