best_fit_L2:
  parameters: [8.610452034981789e-08, 52498543764.804, 49467667.68763128, 13972025.6466409,
    2.3272218551511852e-22, 1.2826256491351726e-18, 3.89245144102997e-07, 1.003961138730072e-06]
  parameters_log: [-16.26770392573154, 24.684051268346032, 17.716829836097563, 16.452567720481245,
    -49.8121968265355, -41.19762240859376, -14.759056501318476, -13.811557243888002]
  parameters_log10: [-7.0649740481810746, 10.720147256859645, 7.694321434636065, 7.145259374144567,
    -21.63316221324304, -17.891900079586023, -6.409776796620927, -5.998283097511445]
estimated_distributions:
- {mu: 9.125427207791933e-08, mu_log10: -7.043548198838622, name: storativity, sigma: 1.2274503088822903e-08,
  sigma_log10: 0.05706785499670603}
- {mu: 55000902141.229256, mu_log10: 10.737191330983135, name: young_modulus, sigma: 6646633193.679471,
  sigma_log10: 0.05258216967114877}
- {mu: 46932616.10737727, mu_log10: 7.670311876710508, name: init_stress_x, sigma: 3448901.3586507477,
  sigma_log10: 0.03172482664366992}
- {mu: 9475719.01549647, mu_log10: 6.968111920268949, name: init_stress_y, sigma: 1808907.314226785,
  sigma_log10: 0.08762000372940408}
- {mu: 3.024289463781095e-22, mu_log10: -21.527758800236857, name: perm_kr, sigma: 5.927231487100323e-23,
  sigma_log10: 0.08563046960673196}
- {mu: 1.3407516374560021e-18, mu_log10: -17.92315256721902, name: perm_km, sigma: 6.806677578977508e-19,
  sigma_log10: 0.2095435776948529}
- {mu: 3.5765209443003074e-07, mu_log10: -6.461457820255037, name: perm_beta, sigma: 9.01729622557088e-08,
  sigma_log10: 0.11640161110718235}
- {mu: 5.785305825780371e-07, mu_log10: -6.257278256287053, name: perm_gamma, sigma: 1.796581530203895e-07,
  sigma_log10: 0.12914317695015676}
mode: [1.0794206400307813e-07, 48022062946.82495, 49626708.20387409, 10692153.86708503,
  2.6725522469408813e-22, 1.3115938686173934e-18, 3.667915123893783e-07, 8.032640230159072e-07]
no chains: 38
no parameters: 8
samplers_list:
- N samples [a, r, pr, all]: [4153, 6788, 0, 10941]
  SD: [1.7850108373785868e-08, 25315283551.573345, 4608963.759240297, 1738122.984668999,
    2.503006158248506e-22, 5.38493082770556e-19, 7.949692714565883e-08, 1.270114648721119e-07]
  SD_log10: [0.08004082222463105, 0.13977429087284915, 0.044930878574351775, 0.08738514230129324,
    0.19133651507192448, 0.15092513451212208, 0.09120319684289012, 0.09831684489482655]
  acceptance ratio [a/r, a/all]: [0.6118149675898644, 0.3795813910977059]
  accepted,rejected,pre-rejected,sum,seed:
  - [209, 382, 0, 591, 2]
  - [201, 361, 0, 562, 1002]
  - [205, 374, 0, 579, 10002]
  - [192, 384, 0, 576, 11002]
  - [196, 374, 0, 570, 12002]
  - [226, 353, 0, 579, 13002]
  - [199, 370, 0, 569, 14002]
  - [207, 378, 0, 585, 15002]
  - [232, 323, 0, 555, 16002]
  - [237, 339, 0, 576, 17002]
  - [250, 324, 0, 574, 18002]
  - [237, 349, 0, 586, 2002]
  - [210, 376, 0, 586, 3002]
  - [208, 367, 0, 575, 4002]
  - [210, 373, 0, 583, 5002]
  - [234, 327, 0, 561, 6002]
  - [240, 326, 0, 566, 7002]
  - [231, 338, 0, 569, 8002]
  - [229, 370, 0, 599, 9002]
  corr:
  - [1.0, 0.5066173672585973, 0.3052690463753913, 0.27067706401495867, 0.4883407263593608,
    -0.0717247371751092, -0.025976961695986525, -0.07189497785490666]
  - [0.5066173672585973, 1.0, 0.1272046701372624, 0.39012444007436003, 0.8569106640177003,
    -0.03747943928557675, -0.04355214934182348, -0.05938153384631913]
  - [0.3052690463753913, 0.12720467013726236, 1.0, 0.22511377091623588, 0.11383567853831675,
    -0.05200921251263549, -0.03307983820378656, 0.026752134720164092]
  - [0.27067706401495867, 0.39012444007436003, 0.22511377091623588, 1.0, 0.36398252889971827,
    -0.006272097857125122, -0.03358407129031597, 0.0799053045051577]
  - [0.4883407263593608, 0.8569106640177004, 0.11383567853831675, 0.36398252889971827,
    1.0, -0.02904913859568381, 0.04029093694872794, -0.06933914167084776]
  - [-0.07172473717510922, -0.03747943928557675, -0.05200921251263549, -0.006272097857125122,
    -0.029049138595683806, 0.9999999999999998, -0.049483654035318014, -0.23097133861278182]
  - [-0.02597696169598652, -0.043552149341823485, -0.03307983820378656, -0.03358407129031598,
    0.04029093694872794, -0.04948365403531801, 1.0, 0.33799095735613927]
  - [-0.07189497785490666, -0.05938153384631913, 0.026752134720164092, 0.0799053045051577,
    -0.06933914167084776, -0.2309713386127818, 0.33799095735613927, 1.0]
  corr_log10:
  - [1.0, 0.451810658418522, 0.3230031621216671, 0.22438965144454057, 0.4636456833540439,
    -0.06535635464601312, 0.012038740415309293, -0.003343121517247895]
  - [0.4518106584185221, 0.9999999999999998, 0.08438175226018131, 0.35858384055427317,
    0.780948817975276, 0.03797437168708178, -0.011246531636598564, -0.021374517938822574]
  - [0.32300316212166713, 0.08438175226018131, 0.9999999999999999, 0.25735453621584714,
    -0.07409825124166375, -0.10408538050384714, -0.04177187258821356, 0.05082278263255877]
  - [0.22438965144454057, 0.3585838405542731, 0.25735453621584714, 1.0, 0.3100419667458563,
    -0.06327864704173305, 0.004905500032647796, 0.1416368162164049]
  - [0.4636456833540439, 0.780948817975276, -0.07409825124166373, 0.31004196674585627,
    1.0, 0.07538377970034643, 0.13006964199439763, -0.05900557023587638]
  - [-0.06535635464601311, 0.03797437168708178, -0.10408538050384714, -0.06327864704173305,
    0.07538377970034643, 1.0, -0.004212697931950342, -0.19473614788185595]
  - [0.012038740415309293, -0.011246531636598564, -0.04177187258821356, 0.004905500032647796,
    0.13006964199439763, -0.004212697931950342, 1.0, 0.2559744127023319]
  - [-0.0033431215172478952, -0.02137451793882257, 0.050822782632558766, 0.14163681621640486,
    -0.059005570235876374, -0.19473614788185595, 0.2559744127023319, 1.0]
  cov:
  - [3.18655443357668e-16, 228.95142677192206, 0.02511692956213162, 0.008398707263035253,
    2.1820532632347816e-30, -6.894925514119793e-28, -3.686541950533355e-17, -1.6301289626244789e-16]
  - [228.95142677192206, 6.409220595866702e+20, 1.4843242158358198e+16, 1.7167461591144646e+16,
    5.430250810314861e-12, -5.109702760896568e-10, -87.65614317835572, -190.94872363161596]
  - [0.02511692956213162, 1.4843242158358198e+16, 21244485299437.543, 1803538784331.6287,
    1.3133583487603555e-16, -1.2909318842632e-13, -0.012121507625700356, 0.015661894284079752]
  - [0.008398707263035253, 1.7167461591144646e+16, 1803538784331.6287, 3021347180197.829,
    1.5836623286766276e-16, -5.87101357252896e-15, -0.004640917144024796, 0.01764162822658811]
  - [2.1820532632347816e-30, 5.430250810314861e-12, 1.3133583487603555e-16, 1.5836623286766276e-16,
    6.265611508112052e-44, -3.9157497862538063e-42, 8.017874497943222e-31, -2.204565118873648e-30]
  - [-6.894925514119793e-28, -5.109702760896568e-10, -1.2909318842632e-13, -5.87101357252896e-15,
    -3.9157497862538063e-42, 2.9000126016073064e-37, -2.1185165441223137e-27, -1.5798678902079796e-26]
  - [-3.686541950533355e-17, -87.65614317835572, -0.012121507625700356, -0.004640917144024796,
    8.017874497943222e-31, -2.1185165441223137e-27, 6.320338098786417e-15, 3.413013257878027e-15]
  - [-1.6301289626244789e-16, -190.94872363161596, 0.015661894284079752, 0.01764162822658811,
    -2.204565118873648e-30, -1.5798678902079796e-26, 3.413013257878027e-15, 1.6133384233068478e-14]
  cov_log10:
  - [0.006407117813436386, 0.00505516037370608, 0.0011617237106314724, 0.0015696093976396866,
    0.007101257302874611, -0.0007895880390178572, 8.78905698033833e-05, -2.6310631038508354e-05]
  - [0.00505516037370608, 0.019538635111189435, 0.0005299810915399318, 0.004380213072293075,
    0.020887542970724673, 0.0008011596963753202, -0.00014338231745524165, -0.0002937590037886207]
  - [0.0011617237106314724, 0.0005299810915399318, 0.0020189680618775533, 0.0010105410580930631,
    -0.0006370746967840562, -0.0007058880728527143, -0.00017119005999549183, 0.00022452820833395804]
  - [0.0015696093976396866, 0.004380213072293075, 0.0010105410580930631, 0.007636859888802678,
    0.005184364973742105, -0.0008346338255357805, 3.9099442890252046e-05, 0.0012169740395935854]
  - [0.007101257302874611, 0.020887542970724673, -0.0006370746967840562, 0.005184364973742105,
    0.03661300260229605, 0.0021770929296196103, 0.002269987643566655, -0.0011100906167307468]
  - [-0.0007895880390178572, 0.0008011596963753202, -0.0007058880728527143, -0.0008346338255357805,
    0.0021770929296196103, 0.022780474737970933, -5.799246642845823e-05, -0.0028898527004203676]
  - [8.78905698033833e-05, -0.00014338231745524165, -0.00017119005999549183, 3.9099442890252046e-05,
    0.002269987643566655, -5.799246642845823e-05, 0.008318782127330797, 0.0022954835083012323]
  - [-2.6310631038508354e-05, -0.0002937590037886207, 0.00022452820833395804, 0.0012169740395935854,
    -0.0011100906167307468, -0.0028898527004203676, 0.0022954835083012323, 0.009667084023287103]
  length of chains: [592, 563, 580, 577, 571, 580, 570, 586, 556, 577, 575, 587, 587,
    576, 584, 562, 567, 570, 600]
  max_samples: 10000
  mean: [9.824454061268127e-08, 69208603801.26564, 44799717.04539449, 9648372.139450012,
    4.664250692362214e-22, 1.412006705227109e-18, 3.6049468399998954e-07, 5.42070555646401e-07]
  mean_log10: [-7.007691573753176, 10.840160087970387, 7.651275271006807, 6.98445404593546,
    -21.33121811532802, -17.85016324093562, -6.443101135178929, -6.265944182218729]
  proposal_std: 0.01
  surrogate_is_updated: true
  time_limit: 18000
  type: MH
- N samples [a, r, pr, all]: [49, 10167, 82241, 92457]
  SD: [1.2693147992421433e-08, 6728267188.759435, 3926611.5124004036, 1836504.9574755211,
    7.838491341459376e-23, 6.96109620906567e-19, 1.3097211004561978e-07, 2.0837076211543364e-07]
  SD_log10: [0.05925793061045413, 0.05324468836608346, 0.03734499242254031, 0.09173576560087839,
    0.10351782239178658, 0.18437605098720491, 0.13773430203336592, 0.1574647500775548]
  acceptance ratio [a/r, a/all]: [0.004819514114291335, 0.0005299760969964416]
  accepted,rejected,pre-rejected,sum,seed:
  - [5, 535, 8081, 8621, 3]
  - [4, 524, 15752, 16280, 1003]
  - [6, 531, 4761, 5298, 10003]
  - [0, 541, 2795, 3336, 11003]
  - [2, 544, 398, 944, 12003]
  - [0, 537, 407, 944, 13003]
  - [0, 548, 183, 731, 14003]
  - [4, 541, 2133, 2678, 15003]
  - [0, 513, 661, 1174, 16003]
  - [1, 546, 1123, 1670, 17003]
  - [0, 537, 438, 975, 18003]
  - [8, 535, 11311, 11854, 2003]
  - [2, 535, 10037, 10574, 3003]
  - [0, 531, 1435, 1966, 4003]
  - [6, 533, 5871, 6410, 5003]
  - [0, 528, 1657, 2185, 6003]
  - [3, 532, 6396, 6931, 7003]
  - [7, 526, 5728, 6261, 8003]
  - [1, 550, 3074, 3625, 9003]
  corr:
  - [0.9999999999999999, -0.6906768640111545, 0.5558324415898442, 0.1656268284116816,
    -0.03827259256335183, 0.17701814164257187, 0.3785097530197534, 0.2244031301367405]
  - [-0.6906768640111546, 1.0, 0.0052860272152433435, -0.20995955065865346, -0.5318827068053471,
    0.07121655067566736, -0.4615862807696987, -0.1467337640053273]
  - [0.5558324415898442, 0.005286027215243344, 1.0, 0.5578627535278505, -0.7238380866530222,
    -0.010318320342605117, 0.03608309748833849, 0.1932209024057662]
  - [0.16562682841168164, -0.20995955065865346, 0.5578627535278505, 1.0, -0.27824748752643386,
    -0.2831153045098651, -0.11618614320603221, -0.03710064434087452]
  - [-0.03827259256335183, -0.5318827068053471, -0.7238380866530223, -0.27824748752643386,
    0.9999999999999999, 0.021701756299735753, 0.18658905355119304, -0.30051070311451455]
  - [0.17701814164257187, 0.07121655067566736, -0.010318320342605117, -0.28311530450986516,
    0.02170175629973575, 1.0, -0.05948215588086036, -0.36247670285441225]
  - [0.3785097530197534, -0.46158628076969876, 0.03608309748833848, -0.11618614320603221,
    0.18658905355119304, -0.05948215588086036, 1.0, 0.5224896881929219]
  - [0.2244031301367405, -0.14673376400532728, 0.1932209024057662, -0.03710064434087452,
    -0.3005107031145146, -0.3624767028544123, 0.5224896881929219, 1.0]
  corr_log10:
  - [1.0, -0.6996058643831768, 0.5314728282740199, 0.15663480794791068, -0.004831476103949013,
    0.19844003606486096, 0.41183196114561105, 0.22687069080469766]
  - [-0.6996058643831768, 1.0, 0.035055013469285155, -0.20117772621362243, -0.5432715167572161,
    -0.09745841572381699, -0.47197308715627445, -0.0845025859061093]
  - [0.5314728282740198, 0.035055013469285155, 1.0, 0.5703072586587885, -0.7290447996191783,
    -0.07432535263661144, 0.06019179411115939, 0.22909771067165532]
  - [0.15663480794791068, -0.20117772621362245, 0.5703072586587885, 1.0, -0.30859587722658566,
    -0.33553440881419194, -0.04728534965506516, 0.001853026556086078]
  - [-0.004831476103949014, -0.5432715167572161, -0.7290447996191783, -0.30859587722658566,
    1.0, 0.15277483960697702, 0.2917518160064978, -0.3470224639889713]
  - [0.198440036064861, -0.09745841572381697, -0.07432535263661144, -0.33553440881419194,
    0.15277483960697702, 0.9999999999999999, 0.09643935706931189, -0.36476151362093245]
  - [0.411831961145611, -0.47197308715627445, 0.06019179411115938, -0.04728534965506516,
    0.2917518160064978, 0.0964393570693119, 0.9999999999999998, 0.34252862611108686]
  - [0.22687069080469763, -0.0845025859061093, 0.2290977106716553, 0.001853026556086078,
    -0.3470224639889713, -0.36476151362093245, 0.34252862611108686, 1.0]
  cov:
  - [1.6111774822303858e-16, -58.98643890022988, 0.02770357822273775, 0.0038609735868232646,
    -3.8079777748195687e-32, 1.5641177814717143e-27, 6.292597286631554e-16, 5.935259756343183e-16]
  - [-58.98643890022988, 4.5270068896485605e+19, 139654603529119.22, -2594392412586912.0,
    -2.805151226037603e-13, 3.335542642384284e-10, -406.761314830125, -205.7191703729023]
  - [0.02770357822273775, 139654603529119.22, 15418444698461.053, 4022926546728.8257,
    -2.227904372006364e-16, -2.8203907061121394e-14, 0.01855689318438865, 0.1580933193685995]
  - [0.0038609735868232646, -2594392412586912.0, 4022926546728.8257, 3372786930856.91,
    -4.005535044983331e-17, -3.619410020246088e-13, -0.027946663212053538, -0.01419760318552275]
  - [-3.8079777748195687e-32, -2.805151226037603e-13, -2.227904372006364e-16, -4.005535044983331e-17,
    6.144261092691229e-45, 1.184158120886463e-42, 1.915588254146662e-30, -4.908331698151474e-30]
  - [1.5641177814717143e-27, 3.335542642384284e-10, -2.8203907061121394e-14, -3.619410020246088e-13,
    1.184158120886463e-42, 4.845738443144147e-37, -5.4231030575892184e-27, -5.257741275808906e-26]
  - [6.292597286631554e-16, -406.761314830125, 0.01855689318438865, -0.027946663212053538,
    1.915588254146662e-30, -5.4231030575892184e-27, 1.7153879105258806e-14, 1.4259294034219525e-14]
  - [5.935259756343183e-16, -205.7191703729023, 0.1580933193685995, -0.01419760318552275,
    -4.908331698151474e-30, -5.257741275808906e-26, 1.4259294034219525e-14, 4.341884401929803e-14]
  cov_log10:
  - [0.003511540312684121, -0.002207399339078132, 0.0011761551621700768, 0.0008514872438003442,
    -2.9637812137466182e-05, 0.002168128327021093, 0.0033613469220216802, 0.0021169613013982524]
  - [-0.002207399339078132, 0.002835027496102761, 6.970493070665551e-05, -0.0009826516119851275,
    -0.0029944223067074308, -0.0009567640356087119, -0.0034613086955462284, -0.000708490992685989]
  - [0.0011761551621700768, 6.970493070665551e-05, 0.0013946635403965847, 0.0019538204951468144,
    -0.0028184245684338325, -0.0005117744017420595, 0.0003096110647347725, 0.001347228214706907]
  - [0.0008514872438003442, -0.0009826516119851275, 0.0019538204951468144, 0.00841554169282318,
    -0.0029305466114406065, -0.005675249491145631, -0.0005974644971567445, 2.676753490521557e-05]
  - [-2.9637812137466182e-05, -0.0029944223067074308, -0.0028184245684338325, -0.0029305466114406065,
    0.01071605543204695, 0.002915923790549878, 0.004159829251005912, -0.005656668928164135]
  - [0.002168128327021093, -0.0009567640356087119, -0.0005117744017420595, -0.005675249491145631,
    0.002915923790549878, 0.03399489578537109, 0.002449094958015068, -0.010590136615291141]
  - [0.0033613469220216802, -0.0034613086955462284, 0.0003096110647347725, -0.0005974644971567445,
    0.004159829251005912, 0.002449094958015068, 0.01897094310112673, 0.00742894306088215]
  - [0.0021169613013982524, -0.000708490992685989, 0.001347228214706907, 2.676753490521557e-05,
    -0.005656668928164135, -0.010590136615291141, 0.00742894306088215, 0.024795415645117308]
  length of chains: [8622, 16281, 5299, 3337, 945, 945, 732, 2679, 1175, 1671, 976,
    11855, 10575, 1967, 6411, 2186, 6932, 6262, 3626]
  max_samples: 60000
  mean: [9.206132244008326e-08, 54013611819.95174, 46494658.1340824, 9391378.423388267,
    3.154886327484965e-22, 1.4468681309049951e-18, 4.0282293865620036e-07, 5.922482388773459e-07]
  mean_log10: [-7.035922790855191, 10.73250321895919, 7.6674030587790405, 6.972729340693817,
    -21.501016284038034, -17.83957104913669, -6.394885806618521, -6.227496222031095]
  proposal_std: 0.05
  surrogate_is_updated: true
  time_limit: 18000
  type: DAMH
