best_fit_L2:
  parameters: [3.916231299738653e-07, 16705091632.06945, 53647715.73784033, 5237765.022319824,
    2.507778776459044e-22, 1.7290245778968937e-15, 1.0827139985010545e-06, 3.235157913548818e-06]
  parameters_log: [-14.752965862728251, 23.538979398048046, 17.79794944902067, 15.4714054428526,
    -49.7374746341423, -33.99121897321693, -13.73603970746122, -12.641432817122773]
  parameters_log10: [-6.407131665889927, 10.222848862206595, 7.729551234902699, 6.71914601111882,
    -21.60071077741096, -14.762198833233231, -5.965486248154366, -5.4901045158271]
  type: accepted
best_fits_L2:
- {n: 96.12530506100875, t: accepted}
- {n: 96.71914194227567, t: accepted}
- {n: 96.73324423017883, t: accepted}
- {n: 96.77395510322074, t: accepted}
- {n: 96.84486859756237, t: accepted}
- {n: 96.84819776809911, t: accepted}
- {n: 96.88048884700774, t: accepted}
- {n: 96.88902641338034, t: accepted}
- {n: 96.90417696209632, t: accepted}
- {n: 96.93726339699398, t: accepted}
- {n: 96.9593110846033, t: accepted}
- {n: 96.96484353280161, t: accepted}
- {n: 96.99135751109141, t: accepted}
- {n: 97.00516236078484, t: accepted}
- {n: 97.01337496784764, t: accepted}
- {n: 97.02984779464683, t: accepted}
- {n: 97.03446227616128, t: accepted}
- {n: 97.03803731180112, t: accepted}
- {n: 97.04811976691516, t: accepted}
- {n: 97.04819131551776, t: accepted}
estimated_distributions:
- {mu: 5.166198781921475e-07, mu_log10: -6.300207064342823, name: storativity, sigma: 1.426486682811965e-07,
  sigma_log10: 0.10385360199713511}
- {mu: 12372996686.34003, mu_log10: 10.079440086314865, name: young_modulus, sigma: 3021666966.962005,
  sigma_log10: 0.10834961384003534}
- {mu: 58006502.81663585, mu_log10: 7.763155705746177, name: init_stress_x, sigma: 2226991.4932596046,
  sigma_log10: 0.016710363319675278}
- {mu: 10052576.918059302, mu_log10: 6.983580450005754, name: init_stress_y, sigma: 2699889.7087244918,
  sigma_log10: 0.1378711782065636}
- {mu: 3.489735599280573e-22, mu_log10: -21.49320776985045, name: perm_kr, sigma: 1.7984643985721827e-22,
  sigma_log10: 0.1601975745019214}
- {mu: 4.455602309073093e-15, mu_log10: -14.5881650275847, name: perm_km, sigma: 9.91137202934211e-15,
  sigma_log10: 0.37081202390810764}
- {mu: 3.4771830974539194e-06, mu_log10: -5.665573932722126, name: perm_beta, sigma: 7.135066359485631e-06,
  sigma_log10: 0.34297568733888983}
- {mu: 2.5049873624513125e-06, mu_log10: -5.662336455656897, name: perm_gamma, sigma: 1.380182555157841e-06,
  sigma_log10: 0.23311478939834168}
mode: [3.916231299738653e-07, 16705091632.06945, 53647715.73784033, 5237765.022319824,
  2.507778776459044e-22, 1.7290245778968937e-15, 1.0827139985010545e-06, 3.235157913548818e-06]
no chains: 19
no parameters: 8
param_names: [storativity, young_modulus, init_stress_x, init_stress_y, perm_kr, perm_km,
  perm_beta, perm_gamma]
samplers_list:
- N samples [a, r, pr, all]: [9526, 22282, 0, 31808]
  SD: [1.461142333889063e-07, 3495622024.0598626, 2318890.40398977, 2679576.877909548,
    1.7956235688062768e-22, 1.087038800204752e-14, 7.578658705528717e-06, 1.3457638122384208e-06]
  SD_log10: [0.11044559937480486, 0.11485927536804325, 0.017437589337641366, 0.1515730431964468,
    0.1638698375081644, 0.350880221441248, 0.33644043622500763, 0.2215654548105582]
  acceptance ratio [a/r, a/all]: [0.42751997127726415, 0.2994844064386318]
  accepted,rejected,pre-rejected,sum,seed:
  - [558, 1145, 0, 1703, 2]
  - [609, 1092, 0, 1701, 1002]
  - [493, 1158, 0, 1651, 10002]
  - [581, 1090, 0, 1671, 11002]
  - [595, 1067, 0, 1662, 12002]
  - [579, 1142, 0, 1721, 13002]
  - [379, 1312, 0, 1691, 14002]
  - [437, 1227, 0, 1664, 15002]
  - [369, 1298, 0, 1667, 16002]
  - [528, 1175, 0, 1703, 17002]
  - [555, 1153, 0, 1708, 18002]
  - [340, 1305, 0, 1645, 2002]
  - [396, 1295, 0, 1691, 3002]
  - [441, 1248, 0, 1689, 4002]
  - [568, 1121, 0, 1689, 5002]
  - [593, 1098, 0, 1691, 6002]
  - [481, 1147, 0, 1628, 7002]
  - [571, 1045, 0, 1616, 8002]
  - [453, 1164, 0, 1617, 9002]
  adaptive: true
  corr:
  - [0.9999999999999998, -0.8057291659517879, 0.1656756852390772, 0.08552927315274045,
    0.5306362357038019, 0.24272126969258093, 0.5266125329353114, -0.16242203392129348]
  - [-0.8057291659517879, 1.0, -0.24075017662149534, -0.42676224828687076, -0.5555551324023905,
    -0.0912378197424219, -0.30625026724786253, 0.12194963188950002]
  - [0.1656756852390772, -0.24075017662149534, 1.0, 0.36252700621107165, -0.2832893868735578,
    0.024520364361132956, -0.07925733444541379, -0.0788225610616264]
  - [0.08552927315274045, -0.4267622482868707, 0.3625270062110717, 1.0, 0.4356040526783946,
    -0.1502009353804376, -0.04781633867185296, -0.23397696255749265]
  - [0.5306362357038019, -0.5555551324023905, -0.2832893868735578, 0.4356040526783946,
    1.0, 0.0854610826741573, 0.34829730367313344, -0.3059978365460448]
  - [0.24272126969258093, -0.0912378197424219, 0.024520364361132956, -0.15020093538043758,
    0.0854610826741573, 1.0, 0.32093552801212, -0.05132347135020128]
  - [0.5266125329353114, -0.30625026724786253, -0.0792573344454138, -0.04781633867185296,
    0.3482973036731334, 0.32093552801212, 1.0, -0.05695489574631058]
  - [-0.16242203392129345, 0.12194963188950003, -0.0788225610616264, -0.23397696255749262,
    -0.3059978365460448, -0.05132347135020127, -0.056954895746310574, 0.9999999999999999]
  corr_limit: 0.3
  corr_log10:
  - [1.0, -0.9555075105928107, 0.23921190816820895, 0.2172837637792317, 0.6293362367392334,
    0.2078466300958229, 0.5030314099224732, -0.1826898075953017]
  - [-0.9555075105928107, 1.0, -0.1905745390574832, -0.405658818863536, -0.757253069930001,
    -0.12171923492729192, -0.5039331382728944, 0.1779465848467539]
  - [0.23921190816820895, -0.1905745390574832, 1.0, 0.39386305358463713, -0.24926789350758158,
    0.0685741782178182, -0.17834198158343442, -0.10148771945436415]
  - [0.2172837637792317, -0.405658818863536, 0.3938630535846372, 0.9999999999999998,
    0.43746142326232235, -0.19043209887088644, -0.020597001847657812, -0.24031664107449868]
  - [0.6293362367392334, -0.757253069930001, -0.24926789350758155, 0.43746142326232235,
    0.9999999999999998, -0.024055496173652685, 0.4798372341904989, -0.3705845754470302]
  - [0.20784663009582288, -0.12171923492729193, 0.0685741782178182, -0.19043209887088644,
    -0.024055496173652685, 1.0, 0.09811708834108658, -0.031559925674184676]
  - [0.5030314099224732, -0.5039331382728944, -0.17834198158343445, -0.02059700184765781,
    0.47983723419049884, 0.09811708834108658, 1.0, -0.13310918397307825]
  - [-0.1826898075953017, 0.17794658484675394, -0.10148771945436413, -0.2403166410744987,
    -0.3705845754470302, -0.031559925674184676, -0.13310918397307822, 1.0]
  cov:
  - [2.1350040014173998e-14, -411.5472661285876, 0.05613647888759732, 0.03348784280777896,
    1.3922536660318943e-29, 3.855307743686541e-22, 5.831626621961807e-13, -3.19389003957025e-14]
  - [-411.5472661285876, 1.221975727819998e+19, -1951573671358121.0, -3997517086031824.0,
    -3.4872298533630626e-13, -3.4670336524867904e-06, -8113.475678701596, 573.7034376989628]
  - [0.05613647888759732, -1951573671358121.0, 5377421663571.198, 2252684938054.6753,
    -1.1796127844357027e-16, 6.181100916682922e-10, -1.3929184180080771, -0.2459876233947132]
  - [0.03348784280777896, -3997517086031824.0, 2252684938054.6753, 7180357850491.985,
    2.0959797191782195e-16, -4.3751963735701575e-09, -0.971065524589288, -0.8437655932845767]
  - [1.3922536660318943e-29, -3.4872298533630626e-13, -1.1796127844357027e-16, 2.0959797191782195e-16,
    3.224365309970798e-44, 1.668177960605796e-37, 4.739924291160638e-28, -7.39462482962243e-29]
  - [3.855307743686541e-22, -3.4670336524867904e-06, 6.181100916682922e-10, -4.3751963735701575e-09,
    1.668177960605796e-37, 1.1816904817043694e-28, 2.644044973528912e-20, -7.508333600172644e-22]
  - [5.831626621961807e-13, -8113.475678701596, -1.3929184180080771, -0.971065524589288,
    4.739924291160638e-28, 2.644044973528912e-20, 5.743787246500581e-11, -5.809060538671481e-13]
  - [-3.19389003957025e-14, 573.7034376989628, -0.2459876233947132, -0.8437655932845767,
    -7.39462482962243e-29, -7.508333600172644e-22, -5.809060538671481e-13, 1.8111371440126123e-12]
  cov_log10:
  - [0.012198613700038725, -0.012121663932671499, 0.00046071388701483416, 0.0036375695672020785,
    0.01139052716159006, 0.008054970199214738, 0.018692412367725435, -0.004470729863955599]
  - [-0.012121663932671499, 0.013193067662459075, -0.0003817078059457317, -0.007062567470251179,
    -0.014253443004752384, -0.004905664237062119, -0.01947425369379523, 0.004528677806676858]
  - [0.00046071388701483416, -0.0003817078059457317, 0.00030407907603133006, 0.0010410397324472742,
    -0.0007123041227305051, 0.00041958464986577076, -0.0010463135909590142, -0.00039211696590369136]
  - [0.0036375695672020785, -0.007062567470251179, 0.0010410397324472742, 0.022975109298633313,
    0.010866117590438623, -0.010128255730046476, -0.0010503833071428919, -0.008070891515102062]
  - [0.01139052716159006, -0.014253443004752384, -0.0007123041227305051, 0.010866117590438623,
    0.026854167399230196, -0.001383202853983287, 0.02645542856517082, -0.013455568654702472]
  - [0.008054970199214738, -0.004905664237062119, 0.00041958464986577076, -0.010128255730046476,
    -0.001383202853983287, 0.12312079823735098, 0.011583115139990132, -0.002453638370028045]
  - [0.018692412367725435, -0.01947425369379523, -0.0010463135909590142, -0.0010503833071428919,
    0.02645542856517082, 0.011583115139990132, 0.11319572372147606, -0.00992274664514722]
  - [-0.004470729863955599, 0.004528677806676858, -0.00039211696590369136, -0.008070891515102062,
    -0.013455568654702472, -0.002453638370028045, -0.00992274664514722, 0.04909279325427915]
  length of chains: [1704, 1702, 1652, 1672, 1663, 1722, 1692, 1665, 1668, 1704, 1709,
    1646, 1692, 1690, 1690, 1692, 1629, 1617, 1618]
  max_samples: 50000
  mean: [5.115822917279143e-07, 12547207855.068424, 57656290.5322432, 10018530.079981854,
    3.5576446688376056e-22, 4.414552810204308e-15, 3.638740599455038e-06, 2.5125331791054305e-06]
  mean_log10: [-6.291084496910259, 10.098547092506415, 7.76084669748333, 7.000804006463174,
    -21.448837430639205, -14.355113283456072, -5.439048903534604, -5.599888194483988]
  proposal_std: 0.02
  sample_limit: 10
  surrogate_is_updated: true
  target_rate: 0.5
  time_limit: 57600
  type: MH
