best_fit_L2:
  parameters: [1.1049565222597773e-07, 42864131247.414825, 50033234.837781146, 12712047.523803417,
    2.802583524955112e-22, 7.837316767945037e-19, 3.589746661260616e-07, 1.1483214284175306e-06]
  parameters_log: [-16.018289663133935, 24.481301211693744, 17.728198039335, 16.358060725691026,
    -49.62633036661831, -41.690220240091705, -14.840014018842142, -13.677209309346019]
  parameters_log10: [-6.956654810226967, 10.632094026049986, 7.699258582571238, 7.1042155078059155,
    -21.552441435330113, -18.10583259960309, -6.4449361997500425, -5.939936530884762]
estimated_distributions:
- {mu: 1.0330256829694081e-07, mu_log10: -6.9979797001122925, name: storativity, sigma: 2.259270860069294e-08,
  sigma_log10: 0.10741604770750443}
- {mu: 48934563921.00858, mu_log10: 10.67343725405088, name: young_modulus, sigma: 14004134497.123247,
  sigma_log10: 0.1161886763727351}
- {mu: 48564423.68721309, mu_log10: 7.683207893936335, name: init_stress_x, sigma: 5530636.081841007,
  sigma_log10: 0.05333441203631328}
- {mu: 11880730.501190003, mu_log10: 7.054697021367218, name: init_stress_y, sigma: 3465031.1664612205,
  sigma_log10: 0.13605813609265244}
- {mu: 3.2504086179365834e-22, mu_log10: -21.513223890472016, name: perm_kr, sigma: 1.0874389446260111e-22,
  sigma_log10: 0.14974589960291793}
- {mu: 1.3431847394149346e-18, mu_log10: -17.91790031780033, name: perm_km, sigma: 6.135157386060212e-19,
  sigma_log10: 0.20302696056708283}
- {mu: 3.968995481127191e-07, mu_log10: -6.430135920734633, name: perm_beta, sigma: 1.5359892749362306e-07,
  sigma_log10: 0.15443459755928077}
- {mu: 5.481621262014571e-07, mu_log10: -6.272908652087367, name: perm_gamma, sigma: 1.3077324827895543e-07,
  sigma_log10: 0.10119075433167823}
mode: [1.1049565222597773e-07, 42864131247.414825, 50033234.837781146, 12712047.523803417,
  2.802583524955112e-22, 7.837316767945037e-19, 3.589746661260616e-07, 1.1483214284175306e-06]
no chains: 38
no parameters: 8
samplers_list:
- N samples [a, r, pr, all]: [2073, 8634, 0, 10707]
  SD: [2.3294594125078673e-08, 22521303231.477127, 5014446.327456855, 2551867.7043052437,
    2.262559277817808e-22, 6.793319872706318e-19, 1.447618315478164e-07, 1.7427454364835822e-07]
  SD_log10: [0.1013637477376037, 0.14340551736128007, 0.048283971250744365, 0.1209229180576501,
    0.1964124060453414, 0.18315215832515114, 0.15039381102409471, 0.13951981163763738]
  acceptance ratio [a/r, a/all]: [0.24009728978457262, 0.1936116559260297]
  accepted,rejected,pre-rejected,sum,seed:
  - [87, 478, 0, 565, 2]
  - [115, 440, 0, 555, 1002]
  - [101, 462, 0, 563, 10002]
  - [111, 447, 0, 558, 11002]
  - [97, 461, 0, 558, 12002]
  - [107, 463, 0, 570, 13002]
  - [105, 469, 0, 574, 14002]
  - [102, 479, 0, 581, 15002]
  - [124, 422, 0, 546, 16002]
  - [110, 447, 0, 557, 17002]
  - [122, 445, 0, 567, 18002]
  - [124, 445, 0, 569, 2002]
  - [97, 468, 0, 565, 3002]
  - [98, 463, 0, 561, 4002]
  - [112, 460, 0, 572, 5002]
  - [123, 424, 0, 547, 6002]
  - [122, 432, 0, 554, 7002]
  - [96, 468, 0, 564, 8002]
  - [120, 461, 0, 581, 9002]
  corr:
  - [1.0, -0.2140820430379309, 0.2586452718257098, 0.21371589676913552, 0.31061682278963515,
    -0.1349444455068128, -0.4358263085305505, 0.14418917938501732]
  - [-0.21408204303793088, 1.0, -0.09700141505112521, 0.019169324323045266, 0.5698527073915292,
    -0.08011234248857152, 0.14975100327555899, -0.08399286121588477]
  - [0.2586452718257098, -0.09700141505112521, 1.0, 0.3843839100087834, -0.2371656632473983,
    -0.24699940426311642, -0.10885331209335813, 0.055073147687540805]
  - [0.21371589676913555, 0.019169324323045266, 0.3843839100087834, 0.9999999999999998,
    0.17644835356983332, -0.20563950488046262, 0.021147636338530597, 0.04163563929273737]
  - [0.31061682278963515, 0.5698527073915292, -0.23716566324739832, 0.17644835356983332,
    1.0, 0.060977998074710216, -0.11530219695837085, -0.09161857661650731]
  - [-0.1349444455068128, -0.08011234248857152, -0.24699940426311642, -0.20563950488046262,
    0.06097799807471022, 1.0, 0.028376457174097786, 0.02790393289830152]
  - [-0.4358263085305505, 0.14975100327555899, -0.10885331209335813, 0.0211476363385306,
    -0.11530219695837085, 0.028376457174097786, 1.0, 0.1383758081336643]
  - [0.14418917938501732, -0.08399286121588477, 0.055073147687540805, 0.04163563929273738,
    -0.0916185766165073, 0.02790393289830152, 0.1383758081336643, 1.0]
  corr_log10:
  - [1.0, -0.34075758702489056, 0.25529499756281354, 0.18015560471168077, 0.4023123631982337,
    -0.1117322547763798, -0.44917791606816265, 0.0686275546986342]
  - [-0.34075758702489056, 0.9999999999999998, -0.1411986003751326, -0.025673017704465007,
    0.27418458242833227, 0.0002855883503462852, 0.22080249694891965, -0.0041248407270247835]
  - [0.25529499756281354, -0.1411986003751326, 1.0, 0.34151894966982776, -0.39351548647689294,
    -0.2680279729721498, -0.13879490653711352, 0.010673709845639657]
  - [0.18015560471168074, -0.02567301770446501, 0.3415189496698277, 1.0, 0.16751440797474645,
    -0.18626328867042052, 0.086331776859597, 0.02734753547674007]
  - [0.4023123631982337, 0.27418458242833227, -0.39351548647689294, 0.16751440797474645,
    1.0, 0.16766134450506406, -0.10776795259723165, -0.077528942549528]
  - [-0.1117322547763798, 0.00028558835034628516, -0.2680279729721498, -0.1862632886704205,
    0.16766134450506406, 0.9999999999999999, 0.09948657343879044, -0.0605790402530871]
  - [-0.4491779160681627, 0.22080249694891965, -0.13879490653711352, 0.08633177685959699,
    -0.10776795259723165, 0.09948657343879043, 0.9999999999999998, 0.26310268642297147]
  - [0.0686275546986342, -0.004124840727024784, 0.010673709845639657, 0.02734753547674007,
    -0.077528942549528, -0.06057904025308711, 0.26310268642297147, 1.0]
  cov:
  - [5.426887110806321e-16, -112.32318208523338, 0.030215039790313574, 0.012705466711347495,
    1.6372710361424507e-30, -2.1356629683184595e-27, -1.4698166124959365e-15, 5.854128673819402e-16]
  - [-112.32318208523338, 5.0725639146784824e+20, -1.0955572236731912e+16, 1101790366181347.5,
    2.903999866717007e-12, -1.2257883937336758e-09, 488.26750218583095, -329.69346565690535]
  - [0.030215039790313574, -1.0955572236731912e+16, 25147016462504.38, 4919113403477.591,
    -2.6910096645306266e-16, -8.414754483795344e-13, -0.07902403407331574, 0.04813237950224024]
  - [0.012705466711347495, 1101790366181347.5, 4919113403477.591, 6512635962446.789,
    1.0188640156416448e-16, -3.5652276118141383e-13, 0.007812941098077258, 0.01851816029127672]
  - [1.6372710361424507e-30, 2.903999866717007e-12, -2.6910096645306266e-16, 1.0188640156416448e-16,
    5.119651797945708e-44, 9.373368364933917e-42, -3.776870635143514e-30, -3.612916733593877e-30]
  - [-2.1356629683184595e-27, -1.2257883937336758e-09, -8.414754483795344e-13, -3.5652276118141383e-13,
    9.373368364933917e-42, 4.615349784814129e-37, 2.7908390935858112e-27, 3.303862231280544e-27]
  - [-1.4698166124959365e-15, 488.26750218583095, -0.07902403407331574, 0.007812941098077258,
    -3.776870635143514e-30, 2.7908390935858112e-27, 2.095794181134157e-14, 3.4913121951002925e-15]
  - [5.854128673819402e-16, -329.69346565690535, 0.04813237950224024, 0.01851816029127672,
    -3.612916733593877e-30, 3.303862231280544e-27, 3.4913121951002925e-15, 3.037444841620385e-14]
  cov_log10:
  - [0.010275567360946718, -0.004953755255199655, 0.0012495925832169679, 0.0022084092002837177,
    0.008010422919063835, -0.002074501508998396, -0.006848122362590011, 0.0009706385974584745]
  - [-0.004953755255199655, 0.02056705990545219, -0.0009777767965332114, -0.0004452376599357652,
    0.007723573764413554, 7.50168598802648e-06, 0.004762558215371858, -8.253714026011999e-05]
  - [0.0012495925832169679, -0.0009777767965332114, 0.002331559254276981, 0.0019941916772843694,
    -0.003732280008223318, -0.002370476407216832, -0.0010079685177245778, 7.191090401605478e-05]
  - [0.0022084092002837177, -0.0004452376599357652, 0.0019941916772843694, 0.014623715501051454,
    0.003978965679600195, -0.004125612346639295, 0.0015701811334276692, 0.0004614271943943558]
  - [0.008010422919063835, 0.007723573764413554, -0.003732280008223318, 0.003978965679600195,
    0.038581430249289436, 0.006031903611068289, -0.003183677031620785, -0.002124756415753877]
  - [-0.002074501508998396, 7.50168598802648e-06, -0.002370476407216832, -0.004125612346639295,
    0.006031903611068289, 0.03354784081133828, 0.0027406083100155894, -0.001548142034215369]
  - [-0.006848122362590011, 0.004762558215371858, -0.0010079685177245778, 0.0015701811334276692,
    -0.003183677031620785, 0.0027406083100155894, 0.02262040732660216, 0.005521176364409667]
  - [0.0009706385974584745, -8.253714026011999e-05, 7.191090401605478e-05, 0.0004614271943943558,
    -0.002124756415753877, -0.001548142034215369, 0.005521176364409667, 0.019467592830342367]
  length of chains: [566, 556, 564, 559, 559, 571, 575, 582, 547, 558, 568, 570, 566,
    562, 573, 548, 555, 565, 582]
  max_samples: 10000
  mean: [1.0356218836466998e-07, 60627077824.67752, 46476762.702835925, 9660874.222015439,
    4.061435995144872e-22, 1.4282119821598938e-18, 3.9412814873709935e-07, 5.52829111482095e-07]
  mean_log10: [-6.984798781096773, 10.782666636102332, 7.667235870043672, 6.985016427928785,
    -21.391320386495728, -17.845207327679052, -6.404362546599422, -6.257409095476215]
  proposal_std: 0.02
  surrogate_is_updated: true
  time_limit: 18000
  type: MH
- N samples [a, r, pr, all]: [62, 10107, 128591, 138760]
  SD: [2.064220794036404e-08, 14080592519.95213, 4725426.3870684365, 3566832.7218349567,
    1.1933319914745444e-22, 6.395996905248858e-19, 1.3613223786775715e-07, 1.9327393723278802e-07]
  SD_log10: [0.09259600814626122, 0.11706099705526544, 0.04420502576861264, 0.1602135358330858,
    0.1692306326175911, 0.19075850300975555, 0.1553778453055342, 0.14861279464258692]
  acceptance ratio [a/r, a/all]: [0.0061343623231423765, 0.0004468146439896224]
  accepted,rejected,pre-rejected,sum,seed:
  - [2, 534, 9357, 9893, 3]
  - [3, 521, 3234, 3758, 1003]
  - [13, 524, 13170, 13707, 10003]
  - [0, 539, 102, 641, 11003]
  - [12, 516, 13470, 13998, 12003]
  - [0, 543, 1356, 1899, 13003]
  - [8, 533, 11929, 12470, 14003]
  - [2, 545, 18600, 19147, 15003]
  - [4, 517, 1074, 1595, 16003]
  - [3, 533, 19508, 20044, 17003]
  - [4, 537, 11582, 12123, 18003]
  - [0, 544, 1666, 2210, 2003]
  - [1, 531, 9708, 10240, 3003]
  - [4, 517, 2080, 2601, 4003]
  - [2, 533, 1100, 1635, 5003]
  - [0, 525, 4933, 5458, 6003]
  - [4, 523, 3166, 3693, 7003]
  - [0, 534, 100, 634, 8003]
  - [0, 558, 2456, 3014, 9003]
  corr:
  - [0.9999999999999999, -0.8344177401690068, 0.14003442851740255, 0.23377287794602622,
    0.4298409541709029, -0.22891051523713232, -0.2585533067301593, 0.47682197020419576]
  - [-0.8344177401690068, 1.0, 0.16586263402866822, -0.4301297797435642, -0.7224076831705714,
    0.05558394403493582, 0.00382748042626335, -0.4948439148348924]
  - [0.14003442851740255, 0.16586263402866822, 1.0, 0.4655608421973554, -0.5335075077160769,
    -0.20078965546720265, -0.13133903255502274, -0.07206162272462543]
  - [0.23377287794602622, -0.43012977974356426, 0.46556084219735533, 0.9999999999999999,
    0.21631140111715322, -0.16832277497625436, 0.40017567276517946, 0.1368328823176734]
  - [0.4298409541709029, -0.7224076831705714, -0.5335075077160769, 0.21631140111715322,
    0.9999999999999998, 0.1435276351499704, 0.2541467158962427, 0.1983746749065504]
  - [-0.22891051523713235, 0.055583944034935814, -0.20078965546720262, -0.16832277497625436,
    0.1435276351499704, 1.0, 0.10256546685538065, -0.19426087806311892]
  - [-0.2585533067301593, 0.0038274804262633504, -0.13133903255502274, 0.4001756727651795,
    0.2541467158962427, 0.10256546685538066, 1.0, 0.1769591756805476]
  - [0.47682197020419576, -0.4948439148348924, -0.07206162272462543, 0.1368328823176734,
    0.19837467490655042, -0.19426087806311892, 0.17695917568054761, 1.0]
  corr_log10:
  - [1.0, -0.8089706591178399, 0.1519759391564986, 0.15825403050109127, 0.4051081285952414,
    -0.2506321342405136, -0.3009566033726338, 0.4056461211425461]
  - [-0.8089706591178398, 0.9999999999999999, 0.1501261255486087, -0.4382930628426997,
    -0.7905124392614375, 0.20597335115272772, -0.08838901684250527, -0.46040790121208824]
  - [0.1519759391564986, 0.1501261255486087, 1.0, 0.4818323459301673, -0.48519590143162755,
    -0.1994499657196061, -0.12199622962497188, -0.08467229984909706]
  - [0.15825403050109127, -0.43829306284269975, 0.4818323459301673, 1.0, 0.3119027121919106,
    -0.22466388078992078, 0.422108091429079, 0.1152090308535992]
  - [0.4051081285952414, -0.7905124392614374, -0.4851959014316276, 0.3119027121919106,
    1.0, 0.057127830815879625, 0.32819703254862387, 0.1941981813917211]
  - [-0.2506321342405136, 0.20597335115272772, -0.1994499657196061, -0.22466388078992078,
    0.057127830815879625, 1.0, 0.17341264651385166, -0.3077710966495481]
  - [-0.3009566033726338, -0.08838901684250527, -0.12199622962497188, 0.42210809142907907,
    0.32819703254862387, 0.17341264651385166, 1.0, 0.22373290088748043]
  - [0.40564612114254617, -0.46040790121208824, -0.08467229984909705, 0.11520903085359921,
    0.19419818139172107, -0.30777109664954805, 0.22373290088748046, 1.0]
  cov:
  - [4.261038190299295e-16, -242.5290342726062, 0.013659509467703914, 0.017212190481105113,
    1.0588351576716397e-30, -3.0222700392215574e-27, -7.265581160379884e-16, 1.902343022363566e-15]
  - [-242.5290342726062, 1.9826451434828104e+20, 1.1036049000785752e+16, -2.1602614406890404e+16,
    -1.213857482687527e-12, 5.005894175684812e-10, 7.336653733982101, -1346.6836515062478]
  - [0.013659509467703914, 1.1036049000785752e+16, 22329815441595.07, 7846993969065.888,
    -3.008471837817904e-16, -6.068672637395451e-13, -0.08448875846807818, -0.06581448131368398]
  - [0.017212190481105113, -2.1602614406890404e+16, 7846993969065.888, 12722387339273.57,
    9.207178555531152e-17, -3.8400510578478795e-13, 0.1943110681865396, 0.09432995792011473]
  - [1.0588351576716397e-30, -1.213857482687527e-12, -3.008471837817904e-16, 9.207178555531152e-17,
    1.4240515031660158e-44, 1.0954894188224961e-41, 4.128667408458051e-30, 4.575345923465754e-30]
  - [-3.0222700392215574e-27, 5.005894175684812e-10, -6.068672637395451e-13, -3.8400510578478795e-13,
    1.0954894188224961e-41, 4.090907119049094e-37, 8.93045362236152e-27, -2.4014304636861045e-26]
  - [-7.265581160379884e-16, 7.336653733982101, -0.08448875846807818, 0.1943110681865396,
    4.128667408458051e-30, 8.93045362236152e-27, 1.8532119723828028e-14, 4.6559734351688115e-15]
  - [1.902343022363566e-15, -1346.6836515062478, -0.06581448131368398, 0.09432995792011473,
    4.575345923465754e-30, -2.4014304636861045e-26, 4.6559734351688115e-15, 3.7355083983041623e-14]
  cov_log10:
  - [0.008574082506906784, -0.00876880440726931, 0.0006220737531972638, 0.0023477366449041037,
    0.006348122946292915, -0.0044270665627045335, -0.0043300046745914636, 0.005582116839866373]
  - [-0.00876880440726931, 0.013703375774001372, 0.0007768609164344327, -0.008220138789950877,
    -0.015660406626423835, 0.004599496458865122, -0.0016076916128197982, -0.008009664356895995]
  - [0.0006220737531972638, 0.0007768609164344327, 0.0019540983838528527, 0.003412478579708545,
    -0.003629701233398562, -0.0016818708717168654, -0.0008379349031403404, -0.0005562529596198022]
  - [0.0023477366449041037, -0.008220138789950877, 0.003412478579708545, 0.025668562024113713,
    0.008456691031500268, -0.006866248177064901, 0.010507880047427249, 0.0027431215944922187]
  - [0.006348122946292915, -0.015660406626423835, -0.003629701233398562, 0.008456691031500268,
    0.02863921338175261, 0.0018442243286761874, 0.008629901760792416, 0.004884087849998591]
  - [-0.0044270665627045335, 0.004599496458865122, -0.0016818708717168654, -0.006866248177064901,
    0.0018442243286761874, 0.03638906867922438, 0.005139926347667407, -0.008725113158275843]
  - [-0.0043300046745914636, -0.0016076916128197982, -0.0008379349031403404, 0.010507880047427249,
    0.008629901760792416, 0.005139926347667407, 0.024142448775061446, 0.005166284027690365]
  - [0.005582116839866373, -0.008009664356895995, -0.0005562529596198022, 0.0027431215944922187,
    0.004884087849998591, -0.008725113158275843, 0.005166284027690365, 0.02208592187604825]
  length of chains: [9894, 3759, 13708, 642, 13999, 1900, 12471, 19148, 1596, 20045,
    12124, 2211, 10241, 2602, 1636, 5459, 3694, 635, 3015]
  max_samples: 60000
  mean: [1.0608254528550998e-07, 51956376194.7586, 49304852.894657895, 10162397.231513815,
    2.863522505779422e-22, 1.404232712582113e-18, 3.2227560888898707e-07, 5.765866830728674e-07]
  mean_log10: [-6.974356068594369, 10.715638852687702, 7.692889667383657, 7.006996166768213,
    -21.54309939921124, -17.85256091399012, -6.491772562392623, -6.23913539235842]
  proposal_std: 0.05
  surrogate_is_updated: true
  time_limit: 18000
  type: DAMH
