best_fit_L2:
  parameters: [6.50746270426534e-07, 9360829994.251608, 55100433.52574307, 9961257.378869005,
    5.967449835843888e-22, 1.2811567335738577e-15, 3.190990474027915e-06, 1.856217778434657e-06]
  parameters_log: [-14.245146024280578, 22.959799798104083, 17.82466814207301, 16.114213864451155,
    -48.8705523728999, -34.291013026963874, -12.65517919593495, -13.1969695929651]
  parameters_log10: [-6.186588312251101, 9.971314357919999, 7.741155015858996, 6.998314161540012,
    -21.224211223114295, -14.892397736482936, -5.49607449229138, -5.731371072069747]
estimated_distributions:
- {mu: 3.8029565177631574e-07, mu_log10: -6.484626707864066, name: storativity, sigma: 2.2417500647019898e-07,
  sigma_log10: 0.23856950531151172}
- {mu: 11947223234.925846, mu_log10: 10.045110476082147, name: young_modulus, sigma: 4705829477.146009,
  sigma_log10: 0.16806950732237458}
- {mu: 41047755.695313916, mu_log10: 7.595679854987044, name: init_stress_x, sigma: 11070196.524447255,
  sigma_log10: 0.12852716084179933}
- {mu: 10224616.533835871, mu_log10: 6.882607370808184, name: init_stress_y, sigma: 7261824.590950565,
  sigma_log10: 0.35477325650293173}
- {mu: 1.4356356074126372e-21, mu_log10: -20.929217088744107, name: perm_kr, sigma: 7.867000821272583e-22,
  sigma_log10: 0.3079059166709435}
- {mu: 4.057362828079045e-15, mu_log10: -14.66972091674761, name: perm_km, sigma: 5.032728681022651e-15,
  sigma_log10: 0.529507078602795}
- {mu: 3.4645103303092954e-06, mu_log10: -5.648551030927849, name: perm_beta, sigma: 3.7237160513185686e-06,
  sigma_log10: 0.39175709706822515}
- {mu: 2.0086629364724247e-06, mu_log10: -5.796244929857011, name: perm_gamma, sigma: 1.336088781800445e-06,
  sigma_log10: 0.3046841292994647}
mode: [6.50746270426534e-07, 9360829994.251608, 55100433.52574307, 9961257.378869005,
  5.967449835843888e-22, 1.2811567335738577e-15, 3.190990474027915e-06, 1.856217778434657e-06]
no chains: 38
no parameters: 8
samplers_list:
- N samples [a, r, pr, all]: [270, 5740, 0, 6010]
  SD: [2.2442494090259634e-07, 3283170881.601347, 7759302.171733068, 5799593.478216852,
    4.866575883035051e-22, 1.3858649387767527e-15, 1.7448476323932719e-06, 1.6023436231073047e-06]
  SD_log10: [0.16081204791765316, 0.13202609922684347, 0.08778176605444776, 0.22025429779677963,
    0.27332864627944076, 0.3071503632683054, 0.23224801260098846, 0.23879492461018448]
  acceptance ratio [a/r, a/all]: [0.047038327526132406, 0.04492512479201331]
  accepted,rejected,pre-rejected,sum,seed:
  - [12, 300, 0, 312, 2]
  - [13, 303, 0, 316, 1002]
  - [10, 295, 0, 305, 10002]
  - [19, 306, 0, 325, 11002]
  - [17, 303, 0, 320, 12002]
  - [19, 293, 0, 312, 13002]
  - [10, 312, 0, 322, 14002]
  - [10, 303, 0, 313, 15002]
  - [17, 294, 0, 311, 16002]
  - [11, 303, 0, 314, 17002]
  - [25, 253, 0, 278, 18002]
  - [14, 308, 0, 322, 2002]
  - [14, 302, 0, 316, 3002]
  - [9, 296, 0, 305, 4002]
  - [16, 354, 0, 370, 5002]
  - [9, 308, 0, 317, 6002]
  - [12, 313, 0, 325, 7002]
  - [25, 291, 0, 316, 8002]
  - [8, 303, 0, 311, 9002]
  corr:
  - [1.0, -0.6232632889838671, 0.3125520019339127, -0.1259323558549751, -0.07324809507707385,
    -0.1286042119357728, 0.016959681285179103, -0.0028660397074308647]
  - [-0.6232632889838672, 0.9999999999999999, 0.0315640856244548, -0.1135579579826194,
    -0.3036119890251586, 0.25937294357352403, 0.17126743349816356, 0.07000902350267903]
  - [0.3125520019339127, 0.0315640856244548, 1.0, 0.38684029512693296, -0.7794987471764407,
    -0.09458886780907433, 0.11124705091417846, 0.21264914584873118]
  - [-0.1259323558549751, -0.11355795798261939, 0.386840295126933, 0.9999999999999999,
    -0.13295918364276235, -0.2665071743126287, 0.19244757785237165, -0.09466434938205122]
  - [-0.07324809507707383, -0.30361198902515857, -0.7794987471764407, -0.13295918364276235,
    0.9999999999999998, -0.00956514849416414, -0.07784779060379077, -0.2866602505255912]
  - [-0.1286042119357728, 0.25937294357352403, -0.09458886780907433, -0.2665071743126287,
    -0.009565148494164137, 1.0, -0.16246896366372848, 0.403736517582209]
  - [0.016959681285179103, 0.17126743349816356, 0.11124705091417846, 0.19244757785237163,
    -0.07784779060379078, -0.16246896366372848, 1.0, 0.08282845097371445]
  - [-0.002866039707430865, 0.07000902350267903, 0.21264914584873118, -0.09466434938205122,
    -0.28666025052559113, 0.40373651758220896, 0.08282845097371445, 1.0]
  corr_log10:
  - [0.9999999999999998, -0.6022807037610843, 0.44248780362433593, -0.05760796849661052,
    -0.08867739533214214, -0.07095139665809129, 0.07415722315394518, 0.16964949896120235]
  - [-0.6022807037610844, 1.0, 0.12941416699128358, -0.1446438290240973, -0.3673319344738573,
    0.20642744981822653, 0.1389054528305441, 0.1991577723145008]
  - [0.44248780362433593, 0.12941416699128358, 0.9999999999999999, 0.4603629448203866,
    -0.6693991361251697, 0.014339014997998044, 0.15849095067339844, 0.2530438222175867]
  - [-0.05760796849661052, -0.1446438290240973, 0.4603629448203866, 1.0, -0.22813630172658683,
    -0.21837675911704577, 0.12107426389614596, -0.15846389203532532]
  - [-0.08867739533214214, -0.3673319344738573, -0.6693991361251697, -0.22813630172658683,
    0.9999999999999998, -0.12460921217638589, -0.16056715396347288, -0.4365605150946437]
  - [-0.07095139665809129, 0.20642744981822655, 0.014339014997998044, -0.21837675911704577,
    -0.12460921217638588, 1.0, -0.25866193318373704, 0.39292374779653405]
  - [0.07415722315394517, 0.13890545283054412, 0.15849095067339844, 0.12107426389614596,
    -0.16056715396347288, -0.258661933183737, 1.0, 0.16349865828723018]
  - [0.16964949896120232, 0.19915777231450082, 0.25304382221758676, -0.1584638920353253,
    -0.4365605150946437, 0.3929237477965341, 0.1634986582872302, 1.0]
  cov:
  - [5.037490953279387e-14, -459.31242542867494, 0.5443623868784108, -0.16393739902755114,
    -8.001344952149289e-30, -4.000545920051775e-23, 6.6422979822313485e-15, -1.030815687047781e-15]
  - [-459.31242542867494, 1.0780999228080148e+19, 804232103577335.0, -2162622189640404.2,
    -4.851856461874097e-13, 1.1803508197682641e-06, 981.2910228236751, 368.362323764496]
  - [0.5443623868784108, 804232103577335.0, 60216758043983.97, 17411009960905.834,
    -2.943971669176987e-15, -1.0173154495653029e-09, 1.5064014347697112, 2.6443199659867305]
  - [-0.16393739902755114, -2162622189640404.2, 17411009960905.834, 33640864354068.676,
    -3.7532840440184737e-16, -2.1423943053586963e-09, 1.9477784249382242, -0.879856210249818]
  - [-8.001344952149289e-30, -4.851856461874097e-13, -2.943971669176987e-15, -3.7532840440184737e-16,
    2.368748975049194e-43, -6.452205099120933e-39, -6.611489912915525e-29, -2.235726488141154e-28]
  - [-4.000545920051775e-23, 1.1803508197682641e-06, -1.0173154495653029e-09, -2.1423943053586963e-09,
    -6.452205099120933e-39, 1.92094024525737e-30, -3.929351375493312e-22, 8.966988997455644e-22]
  - [6.6422979822313485e-15, 981.2910228236751, 1.5064014347697112, 1.9477784249382242,
    -6.611489912915525e-29, -3.929351375493312e-22, 3.0449983188716308e-12, 2.316139666739977e-13]
  - [-1.030815687047781e-15, 368.362323764496, 2.6443199659867305, -0.879856210249818,
    -2.235726488141154e-28, 8.966988997455644e-22, 2.316139666739977e-13, 2.5679310163544364e-12]
  cov_log10:
  - [0.025864804820956898, -0.012789376251945877, 0.006247355813388442, -0.0020407865097701295,
    -0.003898420675203783, -0.0035051176925956964, 0.002770104088727324, 0.006515808264717829]
  - [-0.012789376251945877, 0.017433782531149786, 0.001500092250611316, -0.004206841346930327,
    -0.013257928380374366, 0.008372406629862873, 0.0042599365762607255, 0.0062799210522786935]
  - [0.006247355813388442, 0.001500092250611316, 0.007706916759277367, 0.00890227703535035,
    -0.016063739482035606, 0.00038667554521183364, 0.0032317133405298697, 0.005305144104376116]
  - [-0.0020407865097701295, -0.004206841346930327, 0.00890227703535035, 0.04852000346764426,
    -0.01373649647862989, -0.014775897898168114, 0.006194414678389686, -0.00833588744881864]
  - [-0.003898420675203783, -0.013257928380374366, -0.016063739482035606, -0.01373649647862989,
    0.07472094246502195, -0.010463051771061369, -0.010194499445544594, -0.028498810649339904]
  - [-0.0035051176925956964, 0.008372406629862873, 0.00038667554521183364, -0.014775897898168114,
    -0.010463051771061369, 0.09435699617769525, -0.01845472588837366, 0.028824145627743884]
  - [0.002770104088727324, 0.0042599365762607255, 0.0032317133405298697, 0.006194414678389686,
    -0.010194499445544594, -0.01845472588837366, 0.05394808745587491, 0.00906908206114867]
  - [0.006515808264717829, 0.0062799210522786935, 0.005305144104376116, -0.00833588744881864,
    -0.028498810649339904, 0.028824145627743884, 0.00906908206114867, 0.05703247571036208]
  length of chains: [313, 317, 306, 326, 321, 313, 323, 314, 312, 315, 279, 323, 317,
    306, 371, 318, 326, 317, 312]
  max_samples: 10000
  mean: [5.197288575002277e-07, 11786192980.770775, 56029839.865044184, 11645741.691170905,
    5.147341492842795e-22, 2.232428918684381e-15, 2.3232208802479003e-06, 2.7347492355025275e-06]
  mean_log10: [-6.284223168678061, 10.071373547721096, 7.7484193812427415, 7.066167152993093,
    -21.288417018161823, -14.651222360307095, -5.6339094976846775, -5.56308249040201]
  proposal_std: 0.1
  surrogate_is_updated: true
  time_limit: 10800
  type: MH
- N samples [a, r, pr, all]: [379, 14691, 253347, 268417]
  SD: [3.631013618319733e-07, 4844986939.729843, 13916787.271531636, 7696318.9947350975,
    8.401217814628829e-22, 5.141902145607909e-15, 3.5049044929518362e-06, 1.4658941241535792e-06]
  SD_log10: [0.29650998076106583, 0.18995492509348402, 0.15811482451938336, 0.3663977241325804,
    0.4699955075684912, 0.5330955788224705, 0.3854340530687184, 0.32747611246419517]
  acceptance ratio [a/r, a/all]: [0.025798107684977197, 0.0014119821024748806]
  accepted,rejected,pre-rejected,sum,seed:
  - [1, 809, 25731, 26541, 3]
  - [10, 805, 9963, 10778, 1003]
  - [60, 741, 19994, 20795, 10003]
  - [4, 849, 11280, 12133, 11003]
  - [27, 816, 17605, 18448, 12003]
  - [19, 753, 11897, 12669, 13003]
  - [40, 786, 21586, 22412, 14003]
  - [3, 871, 17467, 18341, 15003]
  - [27, 752, 8144, 8923, 16003]
  - [17, 748, 9801, 10566, 17003]
  - [5, 542, 5899, 6446, 18003]
  - [0, 909, 4508, 5417, 2003]
  - [50, 669, 22587, 23306, 3003]
  - [61, 631, 20658, 21350, 4003]
  - [7, 845, 14376, 15228, 5003]
  - [0, 824, 4965, 5789, 6003]
  - [2, 865, 5979, 6846, 7003]
  - [36, 694, 13246, 13976, 8003]
  - [10, 782, 7661, 8453, 9003]
  corr:
  - [0.9999999999999999, -0.5733562630532764, 0.43627946977839865, -0.14299665328494685,
    -0.044047998245341606, -0.09713929496693091, 0.15306921974270143, 0.15304710287969478]
  - [-0.5733562630532764, 1.0, -0.012800516668777143, -0.010321015864224176, -0.3181891989962759,
    0.030900472022690046, 0.08835695455771593, -0.18417528080099624]
  - [0.43627946977839865, -0.012800516668777143, 0.9999999999999999, 0.43734916966738563,
    -0.7217823602545257, 0.06709212524359204, 0.16493333139966673, 0.0834139663559068]
  - [-0.14299665328494685, -0.010321015864224176, 0.4373491696673857, 0.9999999999999999,
    -0.36383298485280036, 0.051369913167294105, -0.04791889863576713, -0.13457071638382392]
  - [-0.04404799824534161, -0.3181891989962759, -0.7217823602545257, -0.36383298485280036,
    1.0, 0.011748864916662828, -0.07279260595594593, 0.05226692349211774]
  - [-0.09713929496693091, 0.030900472022690043, 0.06709212524359204, 0.051369913167294105,
    0.011748864916662828, 1.0, -0.3017693086709022, 0.1364357656230628]
  - [0.15306921974270143, 0.08835695455771594, 0.16493333139966673, -0.04791889863576712,
    -0.07279260595594593, -0.30176930867090224, 1.0, -0.07673555857913238]
  - [0.15304710287969478, -0.1841752808009962, 0.0834139663559068, -0.13457071638382392,
    0.05226692349211774, 0.1364357656230628, -0.07673555857913238, 0.9999999999999999]
  corr_log10:
  - [1.0, -0.5805902654240891, 0.5722684325273033, -0.1726688757267648, -0.22314401263559136,
    0.03931541020134876, 0.24329393939648788, 0.3053796027318919]
  - [-0.5805902654240891, 1.0, 0.05031636815345724, 0.005074008042692909, -0.17900788098919374,
    0.08271570791233443, 0.02950767197328354, -0.12576865492992717]
  - [0.5722684325273033, 0.05031636815345724, 0.9999999999999998, 0.41593691892032786,
    -0.678948336993261, 0.16471101114969666, 0.25096660304382945, 0.0686673734692544]
  - [-0.1726688757267648, 0.005074008042692909, 0.41593691892032786, 0.9999999999999999,
    -0.3639526429061302, 0.06242916091878763, -0.030585707306499524, -0.22328424644947328]
  - [-0.22314401263559136, -0.17900788098919376, -0.6789483369932611, -0.36395264290613016,
    1.0, -0.20337577070949364, 0.01941175514680025, -0.12513657319810126]
  - [0.039315410201348766, 0.08271570791233443, 0.16471101114969666, 0.062429160918787634,
    -0.20337577070949364, 1.0, -0.38490284442456835, 0.24265964572066]
  - [0.24329393939648788, 0.02950767197328354, 0.25096660304382945, -0.030585707306499527,
    0.01941175514680025, -0.38490284442456835, 0.9999999999999999, 0.07576740173613206]
  - [0.3053796027318919, -0.12576865492992717, 0.0686673734692544, -0.22328424644947328,
    -0.12513657319810126, 0.24265964572066004, 0.07576740173613206, 1.0]
  cov:
  - [1.3184309011707918e-13, -1008.6643400482685, 2.2046175537708477, -0.39961191498108295,
    -1.3436863860260063e-29, -1.8136281587606506e-22, 1.9480206315692312e-13, 8.146240220884461e-14]
  - [-1008.6643400482685, 2.3473985893421654e+19, -863099205476992.6, -384857304761020.2,
    -1.2951554772067498e-12, 7.698092930910655e-07, 1500.4141635059088, -1308.0615299707638]
  - [2.2046175537708477, -863099205476992.6, 193677689465204.22, 46843784338740.91,
    -8.438963632882922e-15, 4.801047061509066e-09, 8.044984763690229, 1.7016960202699216]
  - [-0.39961191498108295, -384857304761020.2, 46843784338740.91, 59233546730465.53,
    -2.3524965313655025e-15, 2.0329060897123028e-09, -1.2926105422930911, -1.5182309698127239]
  - [-1.3436863860260063e-29, -1.2951554772067498e-12, -8.438963632882922e-15, -2.3524965313655025e-15,
    7.058072370204313e-43, 5.075321760033107e-38, -2.143420193288266e-28, 6.436850228486496e-29]
  - [-1.8136281587606506e-22, 7.698092930910655e-07, 4.801047061509066e-09, 2.0329060897123028e-09,
    5.075321760033107e-38, 2.6439256168727524e-29, -5.438469300928518e-21, 1.0283862508450808e-21]
  - [1.9480206315692312e-13, 1500.4141635059088, 8.044984763690229, -1.2926105422930911,
    -2.143420193288266e-28, -5.438469300928518e-21, 1.2284401267581578e-11, -3.9425487202940625e-13]
  - [8.146240220884461e-14, -1308.0615299707638, 1.7016960202699216, -1.5182309698127239,
    6.436850228486496e-29, 1.0283862508450808e-21, -3.9425487202940625e-13, 2.1488535883145e-12]
  cov_log10:
  - [0.08791849621217412, -0.03270101574080757, 0.0268295454544001, -0.018758917057552102,
    -0.031097099246291685, 0.00621453769402573, 0.027804962067492875, 0.029652450285634926]
  - [-0.03270101574080757, 0.03608300798666566, 0.0015112421314945213, 0.0003531474664139369,
    -0.015981518231089228, 0.008376165464111672, 0.002160415104456622, -0.007823556414881704]
  - [0.0268295454544001, 0.0015112421314945213, 0.025000390866306402, 0.02409652662763694,
    -0.05045505035459265, 0.01388359455251135, 0.015294673925551519, 0.003555529369312262]
  - [-0.018758917057552102, 0.0003531474664139369, 0.02409652662763694, 0.13424779236050705,
    -0.06267480183408074, 0.012194021708767207, -0.004319395737258615, -0.026791195558219287]
  - [-0.031097099246291685, -0.015981518231089228, -0.05045505035459265, -0.06267480183408074,
    0.22089660003692863, -0.050956503139992976, 0.0035164966755916014, -0.01926012975647511]
  - [0.00621453769402573, 0.008376165464111672, 0.01388359455251135, 0.012194021708767207,
    -0.050956503139992976, 0.28419195485566273, -0.07908750976051494, 0.04236272455851386]
  - [0.027804962067492875, 0.002160415104456622, 0.015294673925551519, -0.004319395737258615,
    0.0035164966755916014, -0.07908750976051494, 0.14855996269276192, 0.00956343081361857]
  - [0.029652450285634926, -0.007823556414881704, 0.003555529369312262, -0.026791195558219287,
    -0.01926012975647511, 0.04236272455851386, 0.00956343081361857, 0.10724100373775297]
  length of chains: [26542, 10779, 20796, 12134, 18449, 12670, 22413, 18342, 8924,
    10567, 6447, 5418, 23307, 21351, 15229, 5790, 6847, 13977, 8454]
  max_samples: 30000
  mean: [5.153479182129048e-07, 11325564381.4099, 48957317.94995756, 11406972.785351075,
    9.44557649026083e-22, 4.7597957100502194e-15, 3.570787392139006e-06, 2.1642202172034843e-06]
  mean_log10: [-6.287899473980011, 10.05405985321244, 7.689817617645697, 7.0571704054127915,
    -21.024771530712112, -14.322411686754684, -5.447236007317613, -5.664698550288982]
  proposal_std: 0.2
  surrogate_is_updated: true
  time_limit: 28800
  type: DAMH
