best_fit_L2:
  parameters: [5.050995800716952e-07, 10822939473.580044, 54677212.97195564, 8857557.246634392,
    3.5261447257606044e-22, 1.148697431309017e-14, 1.5119439387386951e-06, 5.477953699347291e-06]
  parameters_log: [-14.498510238849319, 23.104933743855355, 17.81695759873235, 15.99678157876996,
    -49.39666691742636, -32.0975626699221, -13.402114358448095, -12.114778939268035]
  parameters_log10: [-6.2966229925500565, 10.034345229696623, 7.737806369433672, 6.9473139678713824,
    -21.45269986665118, -13.939794350090974, -5.820464311710348, -5.2613816428018385]
estimated_distributions:
- {mu: 4.217048971408204e-07, mu_log10: -6.513625629993122, name: storativity, sigma: 3.92809556833421e-07,
  sigma_log10: 0.3341465087447302}
- {mu: 14957093812.286669, mu_log10: 10.092915384600623, name: young_modulus, sigma: 8187713991.28281,
  sigma_log10: 0.29040582885571087}
- {mu: 44502102.822168075, mu_log10: 7.630061570597154, name: init_stress_x, sigma: 12136963.609959746,
  sigma_log10: 0.1312256750011953}
- {mu: 10821464.466901941, mu_log10: 6.9280850706617745, name: init_stress_y, sigma: 7655839.580907291,
  sigma_log10: 0.3112975337803167}
- {mu: 1.0427692637881994e-21, mu_log10: -21.102327422768845, name: perm_kr, sigma: 8.633368398422875e-22,
  sigma_log10: 0.32408036408286983}
- {mu: 8.35673564066802e-15, mu_log10: -14.555187846555347, name: perm_km, sigma: 1.3571672035035486e-14,
  sigma_log10: 0.6870932802693404}
- {mu: 3.3775789468917285e-06, mu_log10: -5.6332764843129475, name: perm_beta, sigma: 2.8567954599956814e-06,
  sigma_log10: 0.38980662044402165}
- {mu: 3.229813502894272e-06, mu_log10: -5.596015499979193, name: perm_gamma, sigma: 2.0757078628336365e-06,
  sigma_log10: 0.32511667952820544}
mode: [4.809056058548019e-07, 12086058641.030998, 56218863.42021702, 9352892.18058462,
  3.308246657313304e-22, 1.698230052670862e-15, 2.570665682520733e-06, 1.9143286880590063e-06]
no chains: 38
no parameters: 8
samplers_list:
- N samples [a, r, pr, all]: [231, 5877, 0, 6108]
  SD: [1.3143200367542806e-07, 4994652784.562286, 4556797.014510159, 5631767.086920971,
    2.9346984510076114e-22, 2.9991498502262404e-15, 1.2207456904350219e-06, 2.188207687906511e-06]
  SD_log10: [0.13158117674269465, 0.14710558907712895, 0.03609853089230933, 0.21250975728389057,
    0.20031977077707455, 0.44124271143150023, 0.22173310402963434, 0.25001132391043673]
  acceptance ratio [a/r, a/all]: [0.039305768249106685, 0.03781925343811395]
  accepted,rejected,pre-rejected,sum,seed:
  - [10, 299, 0, 309, 2]
  - [12, 306, 0, 318, 1002]
  - [6, 295, 0, 301, 10002]
  - [15, 315, 0, 330, 11002]
  - [12, 305, 0, 317, 12002]
  - [11, 309, 0, 320, 13002]
  - [10, 308, 0, 318, 14002]
  - [7, 310, 0, 317, 15002]
  - [18, 299, 0, 317, 16002]
  - [14, 311, 0, 325, 17002]
  - [16, 299, 0, 315, 18002]
  - [16, 300, 0, 316, 2002]
  - [10, 318, 0, 328, 3002]
  - [8, 294, 0, 302, 4002]
  - [14, 404, 0, 418, 5002]
  - [12, 311, 0, 323, 6002]
  - [22, 286, 0, 308, 7002]
  - [9, 294, 0, 303, 8002]
  - [9, 314, 0, 323, 9002]
  corr:
  - [1.0, -0.7836590473624475, 0.18276396267620787, -0.0517378210629285, 0.21567363246168353,
    -0.13693193492215727, 0.07623395045343297, -0.09379348211091133]
  - [-0.7836590473624475, 1.0, -0.32466484864143524, -0.31839125268426954, -0.2765422772540045,
    0.10265967111423842, 0.013567299450615874, 0.004672676226607592]
  - [0.18276396267620784, -0.32466484864143524, 1.0, 0.5931050066957699, -0.5394189816218786,
    -0.1234880320018628, -0.09448924073168452, -0.12767473892205175]
  - [-0.0517378210629285, -0.31839125268426954, 0.5931050066957699, 0.9999999999999999,
    0.0224173742365134, -0.06397444472901401, -0.251270915435283, 0.1912336922627187]
  - [0.21567363246168353, -0.2765422772540045, -0.5394189816218786, 0.0224173742365134,
    1.0, -0.07699912088361288, -0.024063080460700603, 0.26264540760051475]
  - [-0.13693193492215724, 0.10265967111423843, -0.12348803200186281, -0.06397444472901401,
    -0.07699912088361288, 1.0, -0.2008695736567332, 0.13379040753337418]
  - [0.07623395045343297, 0.013567299450615876, -0.09448924073168452, -0.251270915435283,
    -0.024063080460700603, -0.20086957365673322, 1.0, -0.04154994059694952]
  - [-0.09379348211091133, 0.004672676226607592, -0.12767473892205175, 0.1912336922627187,
    0.2626454076005148, 0.13379040753337415, -0.04154994059694952, 0.9999999999999998]
  corr_log10:
  - [1.0, -0.8248810202711921, 0.22265917874446814, 0.008599473875531977, 0.29725293941758213,
    -0.1993268983634727, 0.0990748672103764, -0.07718329679342975]
  - [-0.824881020271192, 1.0, -0.25195988026870686, -0.378630493232385, -0.4534548868437132,
    0.3530886585892229, 0.03339611179632399, 0.06026628466506787]
  - [0.22265917874446814, -0.25195988026870686, 1.0, 0.5352477918900336, -0.6069423501618827,
    -0.13550271178064213, -0.08067960193108878, -0.2664362610706483]
  - [0.008599473875531977, -0.37863049323238496, 0.5352477918900336, 0.9999999999999999,
    -0.05660341812512601, -0.19583572635149904, -0.23302282577185227, -0.08945907157365224]
  - [0.29725293941758213, -0.4534548868437132, -0.6069423501618827, -0.05660341812512601,
    1.0, -0.1965255156197325, -0.05084565569762202, 0.05360033316404491]
  - [-0.19932689836347267, 0.35308865858922284, -0.13550271178064213, -0.19583572635149904,
    -0.1965255156197325, 1.0, -0.11265940647090229, 0.2854095429177661]
  - [0.09907486721037641, 0.03339611179632399, -0.08067960193108878, -0.23302282577185227,
    -0.05084565569762201, -0.11265940647090229, 0.9999999999999999, 0.07532826644896651]
  - [-0.07718329679342975, 0.060266284665067865, -0.2664362610706483, -0.08945907157365222,
    0.05360033316404491, 0.28540954291776616, 0.07532826644896651, 0.9999999999999998]
  cov:
  - [1.7277191435320396e-14, -514.5226183905597, 0.10947684310584672, -0.038302298493988515,
    8.320176750988361e-30, -5.398522641105908e-23, 1.2233356780935506e-14, -2.697945768178447e-14]
  - [-514.5226183905597, 2.495062868065393e+19, -7390454435339933.0, -8957400722795287.0,
    -4.0541630216138784e-13, 1.5380633531972988e-06, 82.73605342272951, 51.077592553701436]
  - [0.10947684310584672, -7390454435339933.0, 20767788584016.812, 15223231314814.787,
    -7.21473324957996e-16, -1.6879267888991276e-09, -0.5257001851254277, -1.273280502674408]
  - [-0.038302298493988515, -8957400722795287.0, 15223231314814.787, 31721977929181.668,
    3.705644884124858e-17, -1.080737606288091e-09, -1.7277583280727162, 2.3570485225271027]
  - [8.320176750988361e-30, -4.0541630216138784e-13, -7.21473324957996e-16, 3.705644884124858e-17,
    8.613860883915862e-44, -6.778261240591177e-38, -8.62205509554622e-30, 1.6869131422451166e-28]
  - [-5.398522641105908e-23, 1.5380633531972988e-06, -1.6879267888991276e-09, -1.080737606288091e-09,
    -6.778261240591177e-38, 8.996368139460901e-30, -7.355435828987878e-22, 8.781780333355862e-22]
  - [1.2233356780935506e-14, 82.73605342272951, -0.5257001851254277, -1.7277583280727162,
    -8.62205509554622e-30, -7.355435828987878e-22, 1.4904633022306864e-12, -1.1100819329448303e-13]
  - [-2.697945768178447e-14, 51.077592553701436, -1.273280502674408, 2.3570485225271027,
    1.6869131422451166e-28, 8.781780333355862e-22, -1.1100819329448303e-13, 4.789034513373546e-12]
  cov_log10:
  - [0.01731643232275938, -0.01596927274252318, 0.0010577786193558807, 0.00024050018269842693,
    0.007836364460299077, -0.011574656396593932, 0.002891070548243305, -0.0025394967347637716]
  - [-0.01596927274252318, 0.021643586831091986, -0.0013381998668951396, -0.011838441265249595,
    -0.013364661472056677, 0.022922467940203615, 0.001089498167863853, 0.002216839033756814]
  - [0.0010577786193558807, -0.0013381998668951396, 0.001303316649516166, 0.0041067113185291266,
    -0.004389667972462451, -0.0021586684639685405, -0.0006458842570113003, -0.0024049908365572454]
  - [0.00024050018269842693, -0.011838441265249595, 0.0041067113185291266, 0.04516776886331089,
    -0.0024099955215561063, -0.018366196685657064, -0.010981932355638217, -0.004753722539380534]
  - [0.007836364460299077, -0.013364661472056677, -0.004389667972462451, -0.0024099955215561063,
    0.040134561006649555, -0.017373654931960563, -0.002258806825782321, 0.00268486140204578]
  - [-0.011574656396593932, 0.022922467940203615, -0.0021586684639685405, -0.018366196685657064,
    -0.017373654931960563, 0.1947269121626219, -0.01102418336201645, 0.031490285814592386]
  - [0.002891070548243305, 0.001089498167863853, -0.0006458842570113003, -0.010981932355638217,
    -0.002258806825782321, -0.01102418336201645, 0.04917359514403733, 0.004176563391216583]
  - [-0.0025394967347637716, 0.002216839033756814, -0.0024049908365572454, -0.004753722539380534,
    0.00268486140204578, 0.031490285814592386, 0.004176563391216583, 0.06251586542365238]
  length of chains: [310, 319, 302, 331, 318, 321, 319, 318, 318, 326, 316, 317, 329,
    303, 419, 324, 309, 304, 324]
  max_samples: 10000
  mean: [4.661961127196143e-07, 13552207774.499933, 57534792.76211186, 11231027.253780425,
    3.4437814215660187e-22, 2.6913112370733553e-15, 2.239892847521227e-06, 3.24504258438651e-06]
  mean_log10: [-6.331431352075544, 10.132010051385915, 7.759930553122328, 7.050419481127434,
    -21.46296442121961, -14.570036075284396, -5.6497727570423235, -5.488779599620861]
  proposal_std: 0.1
  surrogate_is_updated: true
  time_limit: 10800
  type: MH
- N samples [a, r, pr, all]: [229, 14174, 225902, 240305]
  SD: [4.655456860768661e-07, 7248092287.470105, 12052072.820484245, 7769547.933401341,
    8.203068765375585e-22, 1.3683057945633786e-14, 2.703569239094626e-06, 2.4819951833111636e-06]
  SD_log10: [0.3345143809410217, 0.2805959705017347, 0.12246184838931072, 0.3146161331653403,
    0.3478326011369297, 0.6829915456065531, 0.390751799905458, 0.3936692136682352]
  acceptance ratio [a/r, a/all]: [0.01615634259912516, 0.00095295561890098]
  accepted,rejected,pre-rejected,sum,seed:
  - [8, 734, 12685, 13427, 3]
  - [11, 846, 10041, 10898, 1003]
  - [22, 490, 29488, 30000, 10003]
  - [5, 785, 6096, 6886, 11003]
  - [3, 792, 12487, 13282, 12003]
  - [7, 820, 9150, 9977, 13003]
  - [4, 794, 4028, 4826, 14003]
  - [7, 848, 9785, 10640, 15003]
  - [68, 666, 19761, 20495, 16003]
  - [4, 785, 4027, 4816, 17003]
  - [16, 808, 13282, 14106, 18003]
  - [17, 734, 10385, 11136, 2003]
  - [11, 489, 29500, 30000, 3003]
  - [8, 741, 5507, 6256, 4003]
  - [4, 836, 6904, 7744, 5003]
  - [16, 790, 17520, 18326, 6003]
  - [11, 675, 9933, 10619, 7003]
  - [1, 785, 8963, 9749, 8003]
  - [6, 756, 6360, 7122, 9003]
  corr:
  - [1.0, -0.6641134421536214, 0.4670954772632657, 0.012381372391620817, -0.010759724931184541,
    0.22575229488209375, -0.1614732641416894, 0.13127459740612513]
  - [-0.6641134421536214, 1.0, -0.3850366364645118, -0.3502099080828007, -0.2930962103067665,
    0.025132167472428343, -0.005056056087233591, -0.16955115553449007]
  - [0.46709547726326567, -0.3850366364645118, 0.9999999999999999, 0.47159534407802434,
    -0.5792740672631358, -0.14310861922595686, -0.191460712908695, 0.027813316121317145]
  - [0.012381372391620816, -0.3502099080828008, 0.47159534407802434, 1.0, -0.09961716484108799,
    -0.32133523430464855, 0.11830977767529667, 0.06990622670376138]
  - [-0.010759724931184541, -0.2930962103067665, -0.5792740672631358, -0.09961716484108797,
    1.0, 0.0052231143679255555, 0.2025764660674565, 0.0196382607408031]
  - [0.22575229488209375, 0.02513216747242834, -0.14310861922595686, -0.3213352343046485,
    0.0052231143679255555, 0.9999999999999999, -0.06830693437056862, -0.02373065452344494]
  - [-0.16147326414168942, -0.005056056087233591, -0.19146071290869504, 0.11830977767529667,
    0.2025764660674565, -0.06830693437056862, 1.0, 0.3770617296837183]
  - [0.13127459740612513, -0.16955115553449004, 0.02781331612131714, 0.06990622670376138,
    0.0196382607408031, -0.02373065452344494, 0.3770617296837183, 1.0]
  corr_log10:
  - [0.9999999999999999, -0.8032486421652434, 0.5811825641758891, 0.08275968175002511,
    -0.029870048966453296, -0.10596417477702788, -0.162889259219372, 0.06484466445743009]
  - [-0.8032486421652433, 1.0, -0.3122421931087844, -0.3496241126840794, -0.3234332854538236,
    0.21898253799506323, -0.045905324553847104, -0.1629680890717256]
  - [0.5811825641758891, -0.3122421931087844, 1.0, 0.47801219437080433, -0.6070216811674076,
    -0.14138411349131158, -0.15845901082031102, -0.09218006002158566]
  - [0.08275968175002511, -0.3496241126840794, 0.4780121943708044, 1.0, -0.11084104888538797,
    -0.3278673714886352, 0.14681917218097898, -0.04929673913930966]
  - [-0.029870048966453296, -0.3234332854538236, -0.6070216811674076, -0.11084104888538798,
    0.9999999999999999, -0.07899971723413747, 0.27670524814664105, 0.22713045439361618]
  - [-0.1059641747770279, 0.21898253799506323, -0.14138411349131158, -0.3278673714886352,
    -0.07899971723413748, 1.0, 0.0643564725685284, 0.2594346335712039]
  - [-0.16288925921937197, -0.045905324553847104, -0.15845901082031102, 0.14681917218097898,
    0.27670524814664105, 0.0643564725685284, 0.9999999999999999, 0.5366757395482501]
  - [0.06484466445743009, -0.16296808907172558, -0.09218006002158566, -0.04929673913930967,
    0.2271304543936162, 0.25943463357120383, 0.5366757395482501, 0.9999999999999999]
  cov:
  - [2.1673368766432696e-13, -2240.939330790896, 2.620785776246563, 0.044784594897315004,
    -4.109051977160136e-30, 1.4380681036830755e-21, -2.032367468889163e-13, 1.5168608528409138e-13]
  - [-2240.939330790896, 5.253506040860396e+19, -3.3634836699958348e+16, -1.972194307043823e+16,
    -1.742657648991648e-12, 2.492519890685756e-06, -99.0774683721206, -3050.1922259548314]
  - [2.620785776246563, -3.3634836699958348e+16, 145253063675440.38, 44159974440743.07,
    -5.726957932525244e-15, -2.3600027651489887e-08, -6.238507798874345, 0.8319883795317807]
  - [0.044784594897315004, -1.972194307043823e+16, 44159974440743.07, 60366126275926.18,
    -6.349040347958052e-16, -3.416166834260072e-08, 2.485167652950245, 1.3480759252952048]
  - [-4.109051977160136e-30, -1.742657648991648e-12, -5.726957932525244e-15, -6.349040347958052e-16,
    6.729061716906319e-43, 5.862608062604835e-38, 4.4926713123614895e-28, 3.9983620396223004e-29]
  - [1.4380681036830755e-21, 2.492519890685756e-06, -2.3600027651489887e-08, -3.416166834260072e-08,
    5.862608062604835e-38, 1.8722685380379887e-28, -2.526895396713074e-21, -8.059268492379364e-22]
  - [-2.032367468889163e-13, -99.0774683721206, -6.238507798874345, 2.485167652950245,
    4.4926713123614895e-28, -2.526895396713074e-21, 7.309317045008628e-12, 2.5301874271887464e-12]
  - [1.5168608528409138e-13, -3050.1922259548314, 0.8319883795317807, 1.3480759252952048,
    3.9983620396223004e-29, -8.059268492379364e-22, 2.5301874271887464e-12, 6.160325723398419e-12]
  cov_log10:
  - [0.11190033667913554, -0.07539595217774989, 0.023808387757936113, 0.008709964824411864,
    -0.003475544225673831, -0.024209788102774646, -0.02129168515699622, 0.008539300568330438]
  - [-0.07539595217774989, 0.07873442627957532, -0.010729404931986932, -0.030864951818446913,
    -0.03156735788939277, 0.041967012079398514, -0.005033235911479656, -0.01800185515754487]
  - [0.023808387757936113, -0.010729404931986932, 0.014996966714063802, 0.018417156655040536,
    -0.025856938649891997, -0.011825474017580558, -0.007582641876771933, -0.004443969367408688]
  - [0.008709964824411864, -0.030864951818446913, 0.018417156655040536, 0.09898372312397771,
    -0.012129801879882503, -0.07045248609339126, 0.018049557294094496, -0.006105657540567146]
  - [-0.003475544225673831, -0.03156735788939277, -0.025856938649891997, -0.012129801879882503,
    0.1209880218508064, -0.01876778226107096, 0.037608886480088484, 0.031101326616135478]
  - [-0.024209788102774646, 0.041967012079398514, -0.011825474017580558, -0.07045248609339126,
    -0.01876778226107096, 0.4664793924136758, 0.017175538179018762, 0.06975519225359493]
  - [-0.02129168515699622, -0.005033235911479656, -0.007582641876771933, 0.018049557294094496,
    0.037608886480088484, 0.017175538179018762, 0.15268760446987584, 0.08255553771514298]
  - [0.008539300568330438, -0.01800185515754487, -0.004443969367408688, -0.006105657540567146,
    0.031101326616135478, 0.06975519225359493, 0.08255553771514298, 0.15497609465344753]
  length of chains: [13428, 10899, 30001, 6887, 13283, 9978, 4827, 10641, 20496, 4817,
    14107, 11137, 30001, 6257, 7745, 18327, 10620, 9750, 7123]
  max_samples: 30000
  mean: [5.835330994239839e-07, 11832520517.304352, 51379108.94869774, 12363850.926245056,
    8.461206083474757e-22, 6.699522325366603e-15, 3.1277978106761324e-06, 3.2992143221974283e-06]
  mean_log10: [-6.233934504675179, 10.07307726619681, 7.71078656816662, 7.092153760035762,
    -21.072567727024285, -14.173956161307066, -5.504761328676679, -5.481589471079588]
  proposal_std: 0.2
  surrogate_is_updated: true
  time_limit: 28800
  type: DAMH
