best_fit_L2:
  parameters: [7.249247785207087e-08, 31409735462.578167, 13071036.043525046, 2126568.9610836245,
    2.6214281269828208e-23, 6.926750970469681e-20, 1.8388531813602708e-07, 7.858037933882105e-06]
  parameters_log: [-16.439783034233116, 24.170383728385033, 16.385909351282443, 14.570020422533322,
    -51.99573788296114, -44.116310992046856, -15.508953544651392, -11.753973609417654]
  parameters_log10: [-7.13970705545414, 10.497064278721766, 7.116310012228858, 6.327679470723908,
    -22.58146204505789, -19.159470425773723, -6.735452944535978, -5.104685879006535]
estimated_distributions:
- {mu: 1.3270603678807776e-07, mu_log10: -7.226118976964423, name: storativity, sigma: 2.0712869658145004e-07,
  sigma_log10: 0.5516837159883599}
- {mu: 62970529154.2284, mu_log10: 10.528720341677353, name: young_modulus, sigma: 80454802765.47253,
  sigma_log10: 0.5092993120464709}
- {mu: 26902361.822639678, mu_log10: 7.350136308738869, name: init_stress_x, sigma: 19254313.14360046,
  sigma_log10: 0.25593536938469025}
- {mu: 3956170.3728256896, mu_log10: 6.325341250706078, name: init_stress_y, sigma: 5198976.843845525,
  sigma_log10: 0.49468638927659847}
- {mu: 4.0930535452219356e-21, mu_log10: -21.062195007050907, name: perm_kr, sigma: 8.10786439290124e-21,
  sigma_log10: 0.915953771963557}
- {mu: 2.7509760273629174e-18, mu_log10: -18.383226572487857, name: perm_km, sigma: 1.077049349851659e-17,
  sigma_log10: 0.8029435411867636}
- {mu: 3.720748592186526e-07, mu_log10: -7.052025941236701, name: perm_beta, sigma: 2.5192244040019265e-06,
  sigma_log10: 0.5944774204283579}
- {mu: 1.5026960499960798e-06, mu_log10: -6.7421792082525025, name: perm_gamma, sigma: 7.854174393563443e-06,
  sigma_log10: 0.8274162373883475}
mode: [1.7828506067383966e-07, 13087335532.99529, 19708980.87218815, 1757214.7094919274,
  1.7955017225647577e-21, 8.922551282647746e-19, 1.1844285704122693e-07, 3.271141552046198e-06]
no chains: 38
no parameters: 8
samplers_list:
- N samples [a, r, pr, all]: [370, 7550, 0, 7920]
  SD: [1.0606722543495277e-07, 119833231047.02895, 20309312.910954356, 9432251.243062582,
    3.51689467924584e-21, 9.19229004569526e-18, 5.318581858240221e-06, 6.78474498357491e-06]
  SD_log10: [0.41247669852072, 0.4078252806062649, 0.21952551902112744, 0.467376122884257,
    0.5780307870500633, 0.6261450492540531, 0.5801295731989756, 0.6351615563474194]
  acceptance ratio [a/r, a/all]: [0.04900662251655629, 0.04671717171717172]
  accepted,rejected,pre-rejected,sum,seed:
  - [11, 538, 0, 549, 2]
  - [26, 410, 0, 436, 1002]
  - [20, 358, 0, 378, 10002]
  - [20, 503, 0, 523, 11002]
  - [19, 475, 0, 494, 12002]
  - [17, 325, 0, 342, 13002]
  - [15, 519, 0, 534, 14002]
  - [21, 359, 0, 380, 15002]
  - [22, 369, 0, 391, 16002]
  - [23, 356, 0, 379, 17002]
  - [40, 320, 0, 360, 18002]
  - [28, 338, 0, 366, 2002]
  - [38, 290, 0, 328, 3002]
  - [9, 406, 0, 415, 4002]
  - [8, 387, 0, 395, 5002]
  - [10, 324, 0, 334, 6002]
  - [17, 493, 0, 510, 7002]
  - [6, 320, 0, 326, 8002]
  - [20, 460, 0, 480, 9002]
  corr:
  - [1.0, -0.4175351955363363, 0.2790467414260282, 0.20780427175877472, -0.14275744669105334,
    -0.17982854311337357, 0.04788180784027595, -0.09961879623700907]
  - [-0.4175351955363363, 1.0, 0.19257795472456515, -0.042589709238712616, -0.16252661142605027,
    0.29236916446023625, 0.032248470615636175, 0.353178460263511]
  - [0.27904674142602814, 0.19257795472456515, 1.0, 0.7127229036904508, -0.16030230700509845,
    0.019406652519269523, 0.29766321857901834, -0.1252224049260649]
  - [0.20780427175877472, -0.04258970923871261, 0.7127229036904508, 1.0, -0.0019388516392129036,
    0.1454367289433025, 0.23163268359489436, -0.10675173405826792]
  - [-0.1427574466910533, -0.16252661142605024, -0.16030230700509845, -0.0019388516392129039,
    1.0, 0.016121495294894764, -0.0767494103535694, -0.052332760545516374]
  - [-0.17982854311337357, 0.2923691644602363, 0.019406652519269523, 0.14543672894330253,
    0.016121495294894768, 1.0, 0.027137113680249313, 0.0513949564128779]
  - [0.04788180784027596, 0.032248470615636175, 0.2976632185790183, 0.23163268359489436,
    -0.0767494103535694, 0.02713711368024931, 1.0, -0.023041002027123034]
  - [-0.09961879623700906, 0.353178460263511, -0.1252224049260649, -0.10675173405826792,
    -0.052332760545516374, 0.05139495641287789, -0.02304100202712303, 1.0]
  corr_log10:
  - [1.0, -0.5420696886406152, 0.4255999709894867, 0.24719453197862717, -0.13090626742588846,
    -0.32734855787143374, 0.14218851851152836, -0.10870426410814059]
  - [-0.5420696886406152, 1.0, 0.32332023216129424, 0.11492506177297002, -0.07603605163479911,
    0.31261467094564216, 0.3737312385165302, 0.27816885018151444]
  - [0.42559997098948665, 0.32332023216129424, 1.0, 0.7287336964832493, -0.057957679250351536,
    0.11293603967539076, 0.38107256643261483, -0.049180218359853506]
  - [0.24719453197862717, 0.11492506177297002, 0.7287336964832493, 1.0, -0.01693005335821828,
    0.2598564426146792, 0.3116552327823568, -0.18254701799682083]
  - [-0.13090626742588846, -0.07603605163479912, -0.057957679250351536, -0.01693005335821828,
    1.0, 0.24316540413765356, -0.2765960008621448, 0.06837489469527139]
  - [-0.3273485578714337, 0.31261467094564216, 0.11293603967539075, 0.2598564426146792,
    0.24316540413765358, 1.0, 0.18100372622003227, 0.0008550212075695927]
  - [0.14218851851152836, 0.37373123851653023, 0.3810725664326149, 0.3116552327823568,
    -0.2765960008621448, 0.18100372622003227, 0.9999999999999998, 0.19703735041618936]
  - [-0.10870426410814059, 0.27816885018151444, -0.049180218359853506, -0.18254701799682083,
    0.06837489469527139, 0.0008550212075695928, 0.19703735041618936, 1.0]
  cov:
  - [1.1251673577318892e-14, -5307.698862348198, 0.6011849530811707, 0.20792453896012034,
    -5.325912783795952e-29, -1.753550433125596e-25, 2.7014833991706756e-14, -7.16986096345217e-14]
  - [-5307.698862348198, 1.4361812283486737e+22, 4.687419016321509e+17, -4.8145091029829896e+16,
    -6.850398249268746e-11, 3.2209743216121314e-07, 20555.921360203807, 287183.65210563486]
  - [0.6011849530811707, 4.687419016321509e+17, 412520152138416.6, 136548210810862.16,
    -1.1451149208239563e-14, 3.623466807486967e-12, 32.15666190934336, -17.25700826721327]
  - [0.20792453896012034, -4.8145091029829896e+16, 136548210810862.16, 88978571292994.02,
    -6.432414297237694e-17, 1.2611533131420776e-11, 11.62159547275101, -6.832482605187181]
  - [-5.325912783795952e-29, -6.850398249268746e-11, -1.1451149208239563e-14, -6.432414297237694e-17,
    1.237010632904803e-41, 5.212464499452276e-40, -1.4357703002934476e-27, -1.248881530468903e-27]
  - [-1.753550433125596e-25, 3.2209743216121314e-07, 3.623466807486967e-12, 1.2611533131420776e-11,
    5.212464499452276e-40, 8.450884105570177e-35, 1.3268991883504391e-24, 3.2057707152247556e-24]
  - [2.7014833991706756e-14, 20555.921360203807, 32.15666190934336, 11.62159547275101,
    -1.4357703002934476e-27, 1.3268991883504391e-24, 2.8290876514293224e-11, -8.315444053360455e-13]
  - [-7.16986096345217e-14, 287183.65210563486, -17.25700826721327, -6.832482605187181,
    -1.248881530468903e-27, 3.2057707152247556e-24, -8.315444053360455e-13, 4.603856353024897e-11]
  cov_log10:
  - [0.17015846005848242, -0.09119759672578956, 0.038542575273907774, 0.04766060032110512,
    -0.031215157978256376, -0.08455504208369782, 0.034028567046756386, -0.028482946328091428]
  - [-0.09119759672578956, 0.16634241206639316, 0.02894987851826933, 0.02190837260131545,
    -0.017926659865228782, 0.07983864500851154, 0.08843277558366679, 0.07206452868243617]
  - [0.038542575273907774, 0.02894987851826933, 0.048197524483291614, 0.07477821485474158,
    -0.007355321788711424, 0.015525558263531627, 0.048536941900626115, -0.006858266813497912]
  - [0.04766060032110512, 0.02190837260131545, 0.07477821485474158, 0.21846795856435286,
    -0.004574361957356907, 0.07605533240322318, 0.0845124432223444, -0.0541976150616337]
  - [-0.031215157978256376, -0.017926659865228782, -0.007355321788711424, -0.004574361957356907,
    0.3341616819330264, 0.08802021306713759, -0.09276338317297936, 0.02510652190096186]
  - [-0.08455504208369782, 0.07983864500851154, 0.015525558263531627, 0.07605533240322318,
    0.08802021306713759, 0.3921070126804836, 0.06575702840992655, 0.0003400875626073614]
  - [0.034028567046756386, 0.08843277558366679, 0.048536941900626115, 0.0845124432223444,
    -0.09276338317297936, 0.06575702840992655, 0.33659271906986143, 0.07261268156944083]
  - [-0.028482946328091428, 0.07206452868243617, -0.006858266813497912, -0.0541976150616337,
    0.02510652190096186, 0.0003400875626073614, 0.07261268156944083, 0.403481025312547]
  length of chains: [550, 437, 379, 524, 495, 343, 535, 381, 392, 380, 361, 367, 329,
    416, 396, 335, 511, 327, 481]
  max_samples: 10000
  mean: [1.1655924862728146e-07, 117969132478.67737, 45347176.43645825, 10697009.38131379,
    1.813148780033832e-21, 3.899125030278186e-18, 1.4398045390272842e-06, 1.7717868575638995e-06]
  mean_log10: [-6.933453260809766, 11.071768385714046, 7.656550250685167, 7.029262376682087,
    -20.741566557903038, -17.409032838397735, -5.841696461643352, -5.75158852406941]
  proposal_std: 0.1
  surrogate_is_updated: true
  time_limit: 14400
  type: MH
- N samples [a, r, pr, all]: [993, 12100, 484789, 497882]
  SD: [2.1377540868878103e-07, 93391278869.03525, 26071956.298094176, 9089004.460781269,
    7.090282486684628e-21, 1.7217151320794387e-17, 8.024927815953559e-06, 1.75491219827635e-05]
  SD_log10: [0.6132541396694527, 0.5376794323002975, 0.2902794625875503, 0.5566912474612941,
    0.8554415972156869, 0.916006958952439, 0.7445299916829254, 1.039185069784107]
  acceptance ratio [a/r, a/all]: [0.08206611570247933, 0.0019944484837772806]
  accepted,rejected,pre-rejected,sum,seed:
  - [39, 543, 29418, 30000, 3]
  - [35, 618, 29347, 30000, 1003]
  - [85, 679, 28637, 29401, 10003]
  - [17, 715, 10042, 10774, 11003]
  - [36, 598, 29366, 30000, 12003]
  - [48, 647, 28630, 29325, 13003]
  - [35, 495, 29470, 30000, 14003]
  - [58, 682, 29260, 30000, 15003]
  - [61, 419, 29520, 30000, 16003]
  - [54, 742, 23520, 24316, 17003]
  - [85, 679, 29236, 30000, 18003]
  - [31, 572, 12470, 13073, 2003]
  - [45, 545, 20330, 20920, 3003]
  - [69, 614, 24428, 25111, 4003]
  - [63, 625, 21780, 22468, 5003]
  - [89, 468, 29443, 30000, 6003]
  - [3, 1082, 21476, 22561, 7003]
  - [117, 562, 29254, 29933, 8003]
  - [23, 815, 29162, 30000, 9003]
  corr:
  - [1.0, -0.3252927812452208, 0.1737702865685113, 0.0003222297302559448, 0.009391087442886732,
    -0.04774925965693312, -0.011085114652922013, -0.12733288361477102]
  - [-0.3252927812452208, 1.0, 0.3265874378180602, 0.0784532220200545, -0.1700469829802639,
    0.11470382331044068, 0.11432816705712857, 0.16921458563838118]
  - [0.1737702865685113, 0.3265874378180602, 1.0, 0.5439950019655777, -0.11760203731066185,
    0.06722885723732289, 0.4035064578512021, -0.09887034327829892]
  - [0.0003222297302559448, 0.07845322202005449, 0.5439950019655777, 1.0, -0.09521030003813896,
    0.27239670702330665, 0.4642202754651224, -0.011625081479975447]
  - [0.009391087442886732, -0.1700469829802639, -0.11760203731066184, -0.09521030003813896,
    0.9999999999999998, 0.0329352767504963, -0.07063957533973036, 0.05383191895760013]
  - [-0.04774925965693312, 0.11470382331044067, 0.0672288572373229, 0.2723967070233067,
    0.0329352767504963, 1.0, -0.0074642191420987445, 0.010548545928317709]
  - [-0.011085114652922013, 0.11432816705712857, 0.4035064578512021, 0.46422027546512235,
    -0.07063957533973035, -0.007464219142098745, 1.0, -0.019603218260858785]
  - [-0.127332883614771, 0.16921458563838118, -0.09887034327829892, -0.011625081479975447,
    0.05383191895760014, 0.010548545928317709, -0.01960321826085878, 1.0]
  corr_log10:
  - [1.0, -0.5908875233585079, 0.4090635185486054, 0.08732097722925657, 0.010507660159796489,
    0.006452390529764099, -0.0962877642744501, -0.19118030052744214]
  - [-0.5908875233585079, 1.0, 0.2972872520426352, 0.11341566611977481, -0.20850651054822864,
    0.015728513349117602, 0.4687731883692154, 0.17406481708909713]
  - [0.4090635185486054, 0.2972872520426352, 1.0, 0.5820082852066637, -0.191226114009775,
    0.1046058413488168, 0.20899226897137396, -0.2048502381973515]
  - [0.08732097722925655, 0.11341566611977483, 0.5820082852066637, 1.0, 0.01108012288637274,
    0.27297455002232845, 0.24728512817235399, 0.05223722499831881]
  - [0.010507660159796489, -0.20850651054822864, -0.19122611400977502, 0.011080122886372739,
    1.0, 0.379704166979283, 0.06816356093277265, 0.11142759401827546]
  - [0.006452390529764098, 0.0157285133491176, 0.1046058413488168, 0.27297455002232845,
    0.379704166979283, 0.9999999999999999, 0.4466357870716464, 0.010167474712103879]
  - [-0.0962877642744501, 0.4687731883692154, 0.20899226897137396, 0.24728512817235399,
    0.06816356093277265, 0.4466357870716464, 1.0, 0.4027972146951466]
  - [-0.19118030052744217, 0.17406481708909716, -0.2048502381973515, 0.05223722499831881,
    0.11142759401827544, 0.010167474712103877, 0.4027972146951466, 1.0]
  cov:
  - [4.570001714537413e-14, -6494.404963167866, 0.968518129139848, 0.0006260954417566132,
    1.4234363117351588e-29, -1.7574644805818984e-25, -1.9016909583000743e-14, -4.776992777976839e-13]
  - [-6494.404963167866, 8.721948486216e+21, 7.952071748129582e+17, 6.65938764147938e+16,
    -1.1260033022134777e-10, 1.8443629325385517e-07, 85684.36256466444, 277332.25460923504]
  - [0.968518129139848, 7.952071748129582e+17, 679748270437811.4, 128909735671068.47,
    -2.1739666406606856e-14, 3.017807387615909e-11, 84.4240371181398, -45.23722192612649]
  - [0.0006260954417566132, 6.65938764147938e+16, 128909735671068.47, 82610168004999.27,
    -6.135707685827777e-15, 4.2626565133956065e-11, 33.859647178350414, -1.8542512783408809]
  - [1.4234363117351588e-29, -1.1260033022134777e-10, -2.1739666406606856e-14, -6.135707685827777e-15,
    5.027220670921671e-41, 4.020564412729196e-39, -4.019329633615804e-27, 6.698223967506624e-27]
  - [-1.7574644805818984e-25, 1.8443629325385517e-07, 3.017807387615909e-11, 4.2626565133956065e-11,
    4.020564412729196e-39, 2.9643089496443485e-34, -1.0313063331984824e-24, 3.187206185551067e-24]
  - [-1.9016909583000743e-14, 85684.36256466444, 84.4240371181398, 33.859647178350414,
    -4.019329633615804e-27, -1.0313063331984824e-24, 6.439959579327749e-11, -2.760735341874227e-12]
  - [-4.776992777976839e-13, 277332.25460923504, -45.23722192612649, -1.8542512783408809,
    6.698223967506624e-27, 3.187206185551067e-24, -2.760735341874227e-12, 3.0797230090797267e-10]
  cov_log10:
  - [0.37608139515566086, -0.19483617929175676, 0.07281962208888335, 0.02981084876635283,
    0.0055123621725307265, 0.0036246057821140497, -0.04396374301856299, -0.12183649571216587]
  - [-0.19483617929175676, 0.2890997525560072, 0.04639988381908605, 0.03394780799170275,
    -0.09590346113043115, 0.007746593095343898, 0.18765893928500987, 0.09725864006208945]
  - [0.07281962208888335, 0.04639988381908605, 0.08426233563530078, 0.09405042078397781,
    -0.04748481463022458, 0.02781454067948315, 0.045167868939031505, -0.061794034984840845]
  - [0.02981084876635283, 0.03394780799170275, 0.09405042078397781, 0.3099057674240846,
    0.005276551814865717, 0.1391990262555423, 0.10249329634478127, 0.030219568704522977]
  - [0.0055123621725307265, -0.09590346113043115, -0.04748481463022458, 0.005276551814865717,
    0.7317817959798013, 0.2975331589334199, 0.04341359038387985, 0.09905511092182946]
  - [0.0036246057821140497, 0.007746593095343898, 0.02781454067948315, 0.1391990262555423,
    0.2975331589334199, 0.8390704340646037, 0.3046038306341091, 0.009678446299094126]
  - [-0.04396374301856299, 0.18765893928500987, 0.045167868939031505, 0.10249329634478127,
    0.04341359038387985, 0.3046038306341091, 0.5543260218413152, 0.3116466239270853]
  - [-0.12183649571216587, 0.09725864006208945, -0.061794034984840845, 0.030219568704522977,
    0.09905511092182946, 0.009678446299094126, 0.3116466239270853, 1.0799077781813056]
  length of chains: [30001, 30001, 29402, 10775, 30001, 29326, 30001, 30001, 30001,
    24317, 30001, 13074, 20921, 25112, 22469, 30001, 22562, 29934, 30001]
  max_samples: 30000
  mean: [1.3651764909964054e-07, 83934450822.93968, 32935528.669362284, 6795118.313477354,
    3.2552618258834447e-21, 5.337635743171605e-18, 1.6865820368870336e-06, 4.683807739825539e-06]
  mean_log10: [-6.864811199091351, 10.923940253216664, 7.517664638973648, 6.832197022870282,
    -20.487414074695373, -17.272651067140547, -5.772992529481691, -5.329400940082708]
  proposal_std: 0.2
  surrogate_is_updated: true
  time_limit: 36000
  type: DAMH
