best_fit_L2:
  parameters: [9.807892493645033e-08, 94075873784.10338, 49597942.22663553, 11846342.350316318,
    5.404001158849443e-22, 1.0293066726747093e-18, 2.1774781415456627e-07, 2.8979948334046425e-07]
  parameters_log: [-16.137493325906977, 25.267367461547575, 17.719459903468312, 16.2875297154788,
    -48.96973241132817, -41.41764623163276, -15.339928259589941, -15.054076589875551]
  parameters_log10: [-7.008424303191955, 10.973478260771888, 7.695463658382216, 7.073584279267685,
    -21.267284566518647, -17.98745521181912, -6.662046195931665, -6.5379023931318745]
estimated_distributions:
- {mu: 1.1025531413562049e-07, mu_log10: -6.972659844854462, name: storativity, sigma: 3.0181632448041076e-08,
  sigma_log10: 0.11328582358304647}
- {mu: 111985444806.7653, mu_log10: 11.039310019960588, name: young_modulus, sigma: 23572457325.481667,
  sigma_log10: 0.09362346894804963}
- {mu: 59160332.343972005, mu_log10: 7.768572545707989, name: init_stress_x, sigma: 7494325.822827241,
  sigma_log10: 0.05483211151724935}
- {mu: 12637394.497736325, mu_log10: 7.067463027452267, name: init_stress_y, sigma: 5265703.890537064,
  sigma_log10: 0.17184679959143953}
- {mu: 1.089737172140111e-21, mu_log10: -20.988472379850393, name: perm_kr, sigma: 3.887560774980485e-22,
  sigma_log10: 0.14962650605933453}
- {mu: 1.5322899181240548e-18, mu_log10: -17.894284060602203, name: perm_km, sigma: 9.514697918781066e-19,
  sigma_log10: 0.26712230935156717}
- {mu: 3.861022238959218e-07, mu_log10: -6.435285146889915, name: perm_beta, sigma: 1.313324424860767e-07,
  sigma_log10: 0.13512328160246995}
- {mu: 5.501606642390696e-07, mu_log10: -6.293927142502606, name: perm_gamma, sigma: 2.246978028565419e-07,
  sigma_log10: 0.1736230887409667}
mode: [1.0175985603424057e-07, 105890944923.0038, 60367514.64637738, 16150938.655812392,
  8.697943561013796e-22, 1.948757669702553e-18, 2.384961960375483e-07, 5.110868685003149e-07]
no chains: 38
no parameters: 8
samplers_list:
- N samples [a, r, pr, all]: [3424, 3959, 0, 7383]
  SD: [1.1581767410361634e-08, 9638419962.527164, 3434961.6961803236, 2048956.328461738,
    2.5304985132145574e-22, 3.8626186791268536e-19, 7.574067085967879e-08, 1.107516570814665e-07]
  SD_log10: [0.04627692252066079, 0.03856503641888192, 0.025732644677366457, 0.07948999296623492,
    0.08913574789303051, 0.1254551158822489, 0.08780965741725746, 0.0844734097714708]
  acceptance ratio [a/r, a/all]: [0.8648648648648649, 0.463768115942029]
  accepted,rejected,pre-rejected,sum,seed:
  - [177, 223, 0, 400, 2]
  - [183, 206, 0, 389, 1002]
  - [183, 211, 0, 394, 10002]
  - [178, 214, 0, 392, 11002]
  - [173, 230, 0, 403, 12002]
  - [177, 202, 0, 379, 13002]
  - [165, 216, 0, 381, 14002]
  - [182, 208, 0, 390, 15002]
  - [171, 216, 0, 387, 16002]
  - [204, 182, 0, 386, 17002]
  - [191, 182, 0, 373, 18002]
  - [178, 219, 0, 397, 2002]
  - [179, 215, 0, 394, 3002]
  - [176, 200, 0, 376, 4002]
  - [173, 222, 0, 395, 5002]
  - [190, 191, 0, 381, 6002]
  - [165, 200, 0, 365, 7002]
  - [191, 211, 0, 402, 8002]
  - [188, 211, 0, 399, 9002]
  corr:
  - [1.0, -0.5614593437374275, 0.4395218940415359, 0.13756790487869042, -0.04112397254489959,
    -0.12459639098327345, 0.11674155468202499, -0.25660463931178684]
  - [-0.5614593437374273, 1.0, 0.1343765269929247, -0.07864765556055311, -0.26374930892985193,
    0.13039586429433614, 0.06359863997373852, 0.017406830457598256]
  - [0.4395218940415359, 0.1343765269929247, 0.9999999999999999, 0.7419053411125097,
    -0.13945702166203464, 0.020013176427017294, 0.17779673379091399, -0.2682369238458273]
  - [0.13756790487869044, -0.07864765556055311, 0.7419053411125097, 1.0, -0.1528315912369744,
    0.049051193567439935, -0.080667322097743, -0.007098853304619654]
  - [-0.04112397254489959, -0.26374930892985193, -0.13945702166203464, -0.1528315912369744,
    1.0, -0.13204406962003193, 0.25410365821897923, 0.0271234723153443]
  - [-0.12459639098327345, 0.1303958642943361, 0.02001317642701729, 0.04905119356743994,
    -0.13204406962003193, 0.9999999999999999, 0.02642570737881908, -0.17714832844677672]
  - [0.11674155468202499, 0.06359863997373852, 0.17779673379091399, -0.08066732209774298,
    0.2541036582189792, 0.02642570737881908, 1.0, -0.12119423879445802]
  - [-0.25660463931178684, 0.017406830457598256, -0.26823692384582737, -0.007098853304619654,
    0.0271234723153443, -0.1771483284467767, -0.12119423879445802, 1.0]
  corr_log10:
  - [0.9999999999999999, -0.551499852548381, 0.4599267454030621, 0.1341231786480556,
    -0.04453165772895162, -0.1226275721577587, 0.14704972666133148, -0.23254336289467695]
  - [-0.551499852548381, 1.0, 0.1418153102908078, -0.04114342005376511, -0.236575151800735,
    0.1694840936023796, 0.09872666993719634, 0.0007929471670333542]
  - [0.4599267454030621, 0.1418153102908078, 1.0, 0.7442749238642906, -0.1476355682425379,
    0.05079323267185966, 0.1774646448601247, -0.26299327345668794]
  - [0.1341231786480556, -0.04114342005376511, 0.7442749238642906, 1.0, -0.15807072565851002,
    0.07109518861968767, -0.11567651035590981, -0.0038417675025150862]
  - [-0.04453165772895162, -0.23657515180073502, -0.14763556824253793, -0.15807072565851,
    1.0, -0.19121929243387548, 0.25454064206870947, 0.06129535906654237]
  - [-0.12262757215775869, 0.1694840936023796, 0.05079323267185966, 0.07109518861968767,
    -0.19121929243387548, 1.0, 0.033548509821241086, -0.17098778756447583]
  - [0.14704972666133148, 0.09872666993719632, 0.17746464486012473, -0.11567651035590981,
    0.2545406420687095, 0.033548509821241086, 1.0, -0.08586572086283883]
  - [-0.23254336289467692, 0.0007929471670333543, -0.26299327345668794, -0.0038417675025150862,
    0.06129535906654236, -0.17098778756447583, -0.08586572086283883, 1.0]
  cov:
  - [1.341554605655707e-16, -62.684140389473455, 0.017487830195723492, 0.003265001165458456,
    -1.2054096462491348e-31, -5.574691191918206e-28, 1.0242079338326212e-16, -3.29191226838811e-16]
  - [-62.684140389473455, 9.291169161554641e+19, 4449485879074967.5, -1553398941577669.0,
    -6.433716778835809e-13, 4.855234109396382e-10, 46.43457745822871, 18.58379705610431]
  - [0.017487830195723492, 4449485879074967.5, 11800556093092.879, 5222299495042.707,
    -1.212347294009881e-16, 2.6556964642638077e-14, 0.0462629690229591, -0.10205854392573185]
  - [0.003265001165458456, -1553398941577669.0, 5222299495042.707, 4198789286590.0796,
    -7.925206733153978e-17, 3.882601289172229e-14, -0.01252039890618997, -0.0016111271383724623]
  - [-1.2054096462491348e-31, -6.433716778835809e-13, -1.212347294009881e-16, -7.925206733153978e-17,
    6.404287935856143e-44, -1.2908194487088473e-41, 4.870850812820544e-30, 7.602567461842988e-31]
  - [-5.574691191918206e-28, 4.855234109396382e-10, 2.6556964642638077e-14, 3.882601289172229e-14,
    -1.2908194487088473e-41, 1.4921838980223493e-37, 7.732078988175808e-28, -7.579277436767737e-27]
  - [1.0242079338326212e-16, 46.43457745822871, 0.0462629690229591, -0.01252039890618997,
    4.870850812820544e-30, 7.732078988175808e-28, 5.737424340396377e-15, -1.0167636985582828e-15]
  - [-3.29191226838811e-16, 18.58379705610431, -0.10205854392573185, -0.0016111271383724623,
    7.602567461842988e-31, -7.579277436767737e-27, -1.0167636985582828e-15, 1.2267586880373532e-14]
  cov_log10:
  - [0.002141842918009987, -0.000984378893182556, 0.0005477674668674366, 0.0004934457838571374,
    -0.00018371470586778598, -0.0007120322302682846, 0.0005976262305786225, -0.0009091742356682617]
  - [-0.000984378893182556, 0.001487462988189657, 0.00014075374703105672, -0.00012614361436836838,
    -0.0008133424930404136, 0.0008201055357375366, 0.00033437145393040463, 2.583548977429306e-06]
  - [0.0005477674668674366, 0.00014075374703105672, 0.0006622584722986059, 0.0015226109378730106,
    -0.00033867724047286385, 0.00016399753846445378, 0.00040104880521770245, -0.0005717520959521065]
  - [0.0004934457838571374, -0.00012614361436836838, 0.0015226109378730106, 0.0063195127392348125,
    -0.0011201456454550537, 0.0007090873240259198, -0.0008075298718531914, -2.5800150448810633e-05]
  - [-0.00018371470586778598, -0.0008133424930404136, -0.00033867724047286385, -0.0011201456454550537,
    0.007946255080561295, -0.0021386054640993623, 0.001992553575097349, 0.000461591930205985]
  - [-0.0007120322302682846, 0.0008201055357375366, 0.00016399753846445378, 0.0007090873240259198,
    -0.0021386054640993623, 0.015741112703663494, 0.0003696260484633905, -0.0018123086790630713]
  - [0.0005976262305786225, 0.00033437145393040463, 0.00040104880521770245, -0.0008075298718531914,
    0.001992553575097349, 0.0003696260484633905, 0.007711577759264795, -0.0006370020125638225]
  - [-0.0009091742356682617, 2.583548977429306e-06, -0.0005717520959521065, -2.5800150448810633e-05,
    0.000461591930205985, -0.0018123086790630713, -0.0006370020125638225, 0.007136721119607592]
  length of chains: [401, 390, 395, 393, 404, 380, 382, 391, 388, 387, 374, 398, 395,
    377, 396, 382, 366, 403, 400]
  max_samples: 10000
  mean: [1.0933936956536135e-07, 110536915386.8171, 58521344.11990807, 11227954.654541003,
    1.2110369136056406e-21, 1.2353468470364096e-18, 3.806151401854225e-07, 5.457504849443705e-07]
  mean_log10: [-6.961223434515013, 11.043507341110821, 7.767314292455928, 7.050300650014914,
    -20.916842618928865, -17.90821108887771, -6.419513940252347, -6.263005869712144]
  proposal_std: 0.01
  surrogate_is_updated: true
  time_limit: 10800
  type: MH
- N samples [a, r, pr, all]: [1772, 17678, 139105, 158555]
  SD: [3.342381808238786e-08, 25043041032.03617, 7603200.370290354, 5514960.482949913,
    4.042253740278431e-22, 9.547600896986913e-19, 1.350297840834639e-07, 2.3916132293362593e-07]
  SD_log10: [0.1213529764083512, 0.10083109147982974, 0.05517358307253326, 0.1782479691496006,
    0.15344063975378777, 0.2805127038017862, 0.13879347945345108, 0.18516227389232318]
  acceptance ratio [a/r, a/all]: [0.1002375834370404, 0.011175932641670083]
  accepted,rejected,pre-rejected,sum,seed:
  - [47, 1011, 6431, 7489, 3]
  - [66, 946, 6103, 7115, 1003]
  - [65, 1001, 8457, 9523, 10003]
  - [131, 866, 9236, 10233, 11003]
  - [109, 919, 7747, 8775, 12003]
  - [26, 997, 5922, 6945, 13003]
  - [124, 889, 9227, 10240, 14003]
  - [92, 948, 6586, 7626, 15003]
  - [114, 837, 8582, 9533, 16003]
  - [152, 874, 10962, 11988, 17003]
  - [82, 951, 3881, 4914, 18003]
  - [65, 960, 5849, 6874, 2003]
  - [153, 894, 8546, 9593, 3003]
  - [77, 934, 7071, 8082, 4003]
  - [109, 956, 7401, 8466, 5003]
  - [105, 924, 7379, 8408, 6003]
  - [82, 905, 5200, 6187, 7003]
  - [45, 969, 6388, 7402, 8003]
  - [128, 897, 8137, 9162, 9003]
  corr:
  - [0.9999999999999998, -0.80544653683821, 0.391194486343549, 0.14373422801287875,
    0.23911027273301386, -0.14623488847835617, 0.10848172644628624, -0.17890093991629674]
  - [-0.80544653683821, 1.0, -0.16898368607110653, -0.2209636338133608, -0.3548722206792558,
    0.06121292743275664, 0.026426481850880784, 0.042898279648687115]
  - [0.391194486343549, -0.16898368607110653, 0.9999999999999999, 0.8045078632936028,
    0.02150901194419458, -0.1230532737252912, 0.20457118634595545, 0.09439374447049147]
  - [0.14373422801287875, -0.2209636338133608, 0.8045078632936027, 1.0, -0.04769451763214801,
    -0.0729420586837547, -0.0273847186460034, 0.3367281065448095]
  - [0.23911027273301388, -0.3548722206792558, 0.021509011944194578, -0.047694517632148006,
    1.0, -0.08859712207347308, 0.15452687337850032, 0.038114676995182624]
  - [-0.14623488847835617, 0.06121292743275664, -0.1230532737252912, -0.0729420586837547,
    -0.08859712207347308, 1.0, 0.0052149020251944875, -0.12566051233985537]
  - [0.10848172644628624, 0.02642648185088078, 0.20457118634595545, -0.0273847186460034,
    0.15452687337850032, 0.0052149020251944875, 1.0, 0.108107659423428]
  - [-0.17890093991629677, 0.042898279648687115, 0.09439374447049147, 0.3367281065448095,
    0.038114676995182624, -0.12566051233985537, 0.108107659423428, 0.9999999999999998]
  corr_log10:
  - [1.0, -0.8395381317268379, 0.43241398728316754, 0.20626497920527861, 0.2648333636332112,
    -0.1735785561564135, 0.17603398000134365, -0.17818802827259378]
  - [-0.8395381317268379, 1.0, -0.14508059213780902, -0.23340365873910562, -0.34456591316636137,
    0.09947420095094268, 0.07485235343450077, 0.05362286454416316]
  - [0.43241398728316754, -0.14508059213780902, 0.9999999999999999, 0.7812226254249498,
    0.054678713567286354, -0.1277866891716344, 0.25581723139652746, 0.027144953311608808]
  - [0.2062649792052786, -0.2334036587391056, 0.7812226254249497, 1.0, -0.02773191213197978,
    -0.041489869134291237, -0.04014001988535357, 0.22891166589842393]
  - [0.2648333636332112, -0.3445659131663613, 0.054678713567286354, -0.02773191213197978,
    0.9999999999999998, -0.07251974579735466, 0.19097388137925023, 0.06269469056408623]
  - [-0.1735785561564135, 0.0994742009509427, -0.1277866891716344, -0.041489869134291237,
    -0.07251974579735466, 1.0, -0.0248874012724379, -0.15072292412440566]
  - [0.17603398000134365, 0.07485235343450077, 0.25581723139652746, -0.040140019885353574,
    0.19097388137925023, -0.0248874012724379, 1.0, 0.11752977716759307]
  - [-0.17818802827259378, 0.053622864544163165, 0.027144953311608808, 0.22891166589842393,
    0.06269469056408625, -0.15072292412440566, 0.11752977716759307, 0.9999999999999999]
  cov:
  - [1.1171586602348562e-15, -674.1904265055699, 0.09941409388237735, 0.02649484622777111,
    3.230580773044568e-30, -4.6666373482539305e-27, 4.896040020118558e-16, -1.4300866978212728e-15]
  - [-674.1904265055699, 6.27157859117737e+20, -3.2175923362766336e+16, -3.0517785214970224e+16,
    -3.592405723139484e-12, 1.463616207469243e-09, 89.36320299195422, 256.93343725665756]
  - [0.09941409388237735, -3.2175923362766336e+16, 57809020426264.48, 33734313195994.902,
    6.610635428816106e-17, -8.932779284455316e-13, 0.2100260726729922, 0.1716458611702822]
  - [0.02649484622777111, -3.0517785214970224e+16, 33734313195994.902, 30414980931575.33,
    -1.0632543692003986e-16, -3.840762182118428e-13, -0.020393088321146426, 0.4441354703658415]
  - [3.230580773044568e-30, -3.592405723139484e-12, 6.610635428816106e-17, -1.0632543692003986e-16,
    1.6339918343651627e-43, -3.4193234264340276e-41, 8.434510843783461e-30, 3.684762502199955e-30]
  - [-4.6666373482539305e-27, 1.463616207469243e-09, -8.932779284455316e-13, -3.840762182118428e-13,
    -3.4193234264340276e-41, 9.115725774443487e-37, 6.723148780419133e-28, -2.869371421688254e-26]
  - [4.896040020118558e-16, 89.36320299195422, 0.2100260726729922, -0.020393088321146426,
    8.434510843783461e-30, 6.723148780419133e-28, 1.823315757163542e-14, 3.4912401533785807e-15]
  - [-1.4300866978212728e-15, 256.93343725665756, 0.1716458611702822, 0.4441354703658415,
    3.684762502199955e-30, -2.869371421688254e-26, 3.4912401533785807e-15, 5.719849909274863e-14]
  cov_log10:
  - [0.014726637752341919, -0.01027278186645842, 0.0028952368237027248, 0.004461729729570499,
    0.004931355008344161, -0.005908833836361142, 0.0029649593463067143, -0.004003909007301855]
  - [-0.01027278186645842, 0.010166973124023612, -0.0008071192683538274, -0.004194975774611676,
    -0.005331015184567138, 0.002813586041150743, 0.0010475426886878436, 0.001001151317026088]
  - [0.0028952368237027248, -0.0008071192683538274, 0.003044143466051804, 0.007683044181377404,
    0.00046290579367215176, -0.001977753127344191, 0.0019589925540858476, 0.00027731638614003347]
  - [0.004461729729570499, -0.004194975774611676, 0.007683044181377404, 0.03177253887006765,
    -0.0007584859584370749, -0.0020745405514786775, -0.0009930565399434714, 0.007555231231671133]
  - [0.004931355008344161, -0.005331015184567138, 0.00046290579367215176, -0.0007584859584370749,
    0.023544178402438658, -0.0031214181168257786, 0.004067112424928582, 0.0017812562781853432]
  - [-0.005908833836361142, 0.002813586041150743, -0.001977753127344191, -0.0020745405514786775,
    -0.0031214181168257786, 0.07868787321596701, -0.0009689556213307619, -0.007828653829401292]
  - [0.0029649593463067143, 0.0010475426886878436, 0.0019589925540858476, -0.0009930565399434714,
    0.004067112424928582, -0.0009689556213307619, 0.01926375141994377, 0.0030204539606471176]
  - [-0.004003909007301855, 0.001001151317026088, 0.00027731638614003347, 0.007555231231671133,
    0.0017812562781853432, -0.007828653829401292, 0.0030204539606471176, 0.03428528388297145]
  length of chains: [7490, 7116, 9524, 10234, 8776, 6946, 10241, 7627, 9534, 11989,
    4915, 6875, 9594, 8083, 8467, 8409, 6188, 7403, 9163]
  max_samples: 30000
  mean: [1.1474105630778242e-07, 109544938878.92917, 60140204.56817673, 13113479.64916741,
    1.1314423767690383e-21, 1.5220043751099179e-18, 3.943832634054788e-07, 5.561570219011264e-07]
  mean_log10: [-6.940281156314049, 11.039592317380722, 7.779164901028869, 7.11771794660373,
    -20.94636755933054, -17.817584099153247, -6.40408152366205, -6.25480257511292]
  proposal_std: 0.05
  surrogate_is_updated: true
  time_limit: 28800
  type: DAMH
