best_fit_L2:
  parameters: [1.29355306690348e-07, 39283832801.05405, 22142476.44768226, 1391236.0813539594,
    2.2137946189194827e-22, 9.54128322431032e-19, 2.632075301135075e-07, 1.4356108272655773e-07]
  parameters_log: [-15.860702903331804, 24.39407889207399, 16.913008332995094, 14.145703177104208,
    -49.86216398060115, -41.49348878058654, -15.150323028050751, -15.75650522871608]
  parameters_log10: [-6.888215750023888, 10.594213853940325, 7.345226191403485, 6.1434008324576554,
    -21.654862672530165, -18.020393212323224, -6.579701690134207, -6.842963274911129]
estimated_distributions:
- {mu: 2.1636738834345796e-07, mu_log10: -6.794954002776291, name: storativity, sigma: 1.8113830077364585e-07,
  sigma_log10: 0.34138307623899533}
- {mu: 93904580203.6659, mu_log10: 10.832361953355843, name: young_modulus, sigma: 83849049195.14192,
  sigma_log10: 0.3516259297327789}
- {mu: 51351516.64701063, mu_log10: 7.658754757656119, name: init_stress_x, sigma: 23093716.580114592,
  sigma_log10: 0.24368447145870936}
- {mu: 7474335.286817776, mu_log10: 6.713582767038286, name: init_stress_y, sigma: 7048778.663944588,
  sigma_log10: 0.3822175822326046}
- {mu: 9.992457228714483e-22, mu_log10: -21.271252312594743, name: perm_kr, sigma: 1.6833871360714224e-21,
  sigma_log10: 0.47412298737025454}
- {mu: 7.328801934818107e-18, mu_log10: -17.95331062932163, name: perm_km, sigma: 4.2191452913622864e-17,
  sigma_log10: 0.7390861900338638}
- {mu: 3.2363403779990586e-07, mu_log10: -6.578697579008606, name: perm_beta, sigma: 3.007390425646335e-07,
  sigma_log10: 0.25637278412509606}
- {mu: 2.4991910125639965e-07, mu_log10: -6.793611008050545, name: perm_gamma, sigma: 3.1385916594643334e-07,
  sigma_log10: 0.4028987881702496}
mode: [1.6325091230855153e-07, 66027808692.92092, 47526728.3780601, 9339119.79058771,
  4.5563615956830985e-22, 1.254693043928482e-18, 2.313704815234432e-07, 3.030846581779432e-07]
no chains: 38
no parameters: 8
samplers_list:
- N samples [a, r, pr, all]: [1029, 8003, 0, 9032]
  SD: [1.0707371141892785e-07, 55331173206.46113, 17544906.093586363, 11430082.94493761,
    1.2696298518989172e-21, 1.0521904781655366e-17, 2.2170598996187857e-07, 2.137008191862743e-07]
  SD_log10: [0.28133043534538776, 0.2830147428318853, 0.19150223463980331, 0.36547222417078806,
    0.4486494136536929, 0.5156938496701922, 0.2553917762508567, 0.31895836404731903]
  acceptance ratio [a/r, a/all]: [0.1285767837061102, 0.11392825509300265]
  accepted,rejected,pre-rejected,sum,seed:
  - [35, 503, 0, 538, 2]
  - [59, 452, 0, 511, 1002]
  - [76, 412, 0, 488, 10002]
  - [60, 461, 0, 521, 11002]
  - [44, 470, 0, 514, 12002]
  - [66, 385, 0, 451, 13002]
  - [50, 168, 0, 218, 14002]
  - [38, 435, 0, 473, 15002]
  - [56, 446, 0, 502, 16002]
  - [29, 427, 0, 456, 17002]
  - [47, 421, 0, 468, 18002]
  - [41, 440, 0, 481, 2002]
  - [33, 448, 0, 481, 3002]
  - [50, 451, 0, 501, 4002]
  - [38, 501, 0, 539, 5002]
  - [73, 424, 0, 497, 6002]
  - [128, 265, 0, 393, 7002]
  - [45, 438, 0, 483, 8002]
  - [61, 456, 0, 517, 9002]
  corr:
  - [1.0, -0.5146356062742387, 0.2041981516733063, -0.05160416823126243, 0.005827873243309516,
    -0.05406142920266146, 0.0004271235893281532, -0.2652819951787088]
  - [-0.5146356062742387, 1.0, 0.3029853423751625, -0.06591244823268906, 0.07714233053243534,
    -0.045896330518628146, 0.10780513909598745, -0.16110085375211539]
  - [0.2041981516733063, 0.30298534237516245, 1.0, 0.5647921458751646, -0.13693771091667062,
    -0.23504965211783313, 0.11828346318914246, -0.4895368459878545]
  - [-0.05160416823126244, -0.06591244823268905, 0.5647921458751646, 1.0, -0.12565655722841573,
    -0.06898357748534797, -0.050560222661987266, -0.11325088914075661]
  - [0.005827873243309516, 0.07714233053243534, -0.13693771091667062, -0.12565655722841573,
    1.0, 0.07467241055782757, -0.20497982089789918, -0.07423432838867745]
  - [-0.05406142920266146, -0.04589633051862815, -0.2350496521178331, -0.06898357748534797,
    0.07467241055782757, 1.0, -0.012042052318558828, -0.05637407759932004]
  - [0.0004271235893281532, 0.10780513909598745, 0.11828346318914247, -0.050560222661987266,
    -0.20497982089789918, -0.012042052318558826, 1.0, 0.07193320491830779]
  - [-0.2652819951787088, -0.16110085375211536, -0.4895368459878546, -0.1132508891407566,
    -0.07423432838867745, -0.05637407759932004, 0.07193320491830779, 1.0]
  corr_log10:
  - [1.0, -0.526201503077207, 0.3206489095700893, -0.0635125380128141, -0.11058172923198233,
    -0.11310018717489102, 0.06333166560977206, -0.18524119874350692]
  - [-0.526201503077207, 0.9999999999999998, 0.287440494844919, -0.027813617855229227,
    -0.008356785512887727, -0.07753002778292303, 0.2654696155037613, -0.10477222391689886]
  - [0.3206489095700893, 0.287440494844919, 1.0, 0.4310673738366031, -0.19254131443393305,
    -0.47567914430814967, 0.19534113509787415, -0.2700014958471669]
  - [-0.0635125380128141, -0.02781361785522923, 0.4310673738366031, 1.0, -0.22419781252900853,
    -0.19303543685998678, 0.02380576845028016, -0.009214706726338829]
  - [-0.11058172923198231, -0.008356785512887726, -0.19254131443393308, -0.22419781252900853,
    1.0, 0.2661620118048458, -0.21089468783718532, -0.052780947828037036]
  - [-0.11310018717489102, -0.07753002778292303, -0.47567914430814967, -0.19303543685998678,
    0.2661620118048458, 1.0, 0.23517148560557835, 0.2650182084049953]
  - [0.06333166560977205, 0.2654696155037613, 0.19534113509787415, 0.02380576845028016,
    -0.21089468783718532, 0.23517148560557835, 1.0, 0.17781864150397592]
  - [-0.18524119874350692, -0.10477222391689886, -0.2700014958471669, -0.00921470672633883,
    -0.052780947828037036, 0.2650182084049953, 0.17781864150397592, 0.9999999999999998]
  cov:
  - [1.1466046503507387e-14, -3049.3027938276605, 0.3836486700488243, -0.06316332832095609,
    7.923518288086262e-31, -6.091338474139968e-26, 1.0140557374116935e-17, -6.070784329638738e-15]
  - [-3049.3027938276605, 3.0618770199756485e+21, 2.941646835616126e+17, -4.169026826619504e+16,
    5.419855960147287e-12, -2.672330671184858e-08, 1322.6189950813716, -1905.118057326223]
  - [0.3836486700488243, 2.941646835616126e+17, 307857743504567.1, 113275780797106.98,
    -3.0506980376609395e-15, -4.3396331075551894e-11, 0.46015112934171354, -1.8356530750094133]
  - [-0.06316332832095609, -4.169026826619504e+16, 113275780797106.98, 130661232238221.89,
    -1.823726250787354e-15, -8.297312517776631e-12, -0.1281397205037848, -0.27665923708050505]
  - [7.923518288086262e-31, 5.419855960147287e-12, -3.0506980376609395e-15, -1.823726250787354e-15,
    1.6121380779556486e-42, 9.976533138823031e-40, -5.770502679232145e-29, -2.014355327626802e-29]
  - [-6.091338474139968e-26, -2.672330671184858e-08, -4.3396331075551894e-11, -8.297312517776631e-12,
    9.976533138823031e-40, 1.1072271343645786e-34, -2.809443416359628e-26, -1.2677335646961962e-25]
  - [1.0140557374116935e-17, 1322.6189950813716, 0.46015112934171354, -0.1281397205037848,
    -5.770502679232145e-29, -2.809443416359628e-26, 4.9158977316025665e-14, 3.4084820391311653e-15]
  - [-6.070784329638738e-15, -1905.118057326223, -1.8356530750094133, -0.27665923708050505,
    -2.014355327626802e-29, -1.2677335646961962e-25, 3.4084820391311653e-15, 4.5673086313163494e-14]
  cov_log10:
  - [0.07915555935591895, -0.04190114084302563, 0.017276999370068328, -0.006530982920728455,
    -0.013959028226005612, -0.016410430701133075, 0.004550850016825469, -0.01662402877137073]
  - [-0.04190114084302563, 0.0801061951955199, 0.01558040860453322, -0.0028771924017973356,
    -0.001061215061658507, -0.011316677421132848, 0.019190167902224796, -0.009458825264296917]
  - [0.017276999370068328, 0.01558040860453322, 0.036677158148930314, 0.03017319932470365,
    -0.016544470360873965, -0.04698160988199538, 0.009554818625314087, -0.016493848348988472]
  - [-0.006530982920728455, -0.0028771924017973356, 0.03017319932470365, 0.13358470575046902,
    -0.03676553053745317, -0.036385752127326684, 0.0022222426355505013, -0.0010742809503499844]
  - [-0.013959028226005612, -0.001061215061658507, -0.016544470360873965, -0.03676553053745317,
    0.20130853795151055, 0.06158757619911361, -0.02416727252056935, -0.0075538137112346184]
  - [-0.016410430701133075, -0.011316677421132848, -0.04698160988199538, -0.036385752127326684,
    0.06158757619911361, 0.265969532239217, 0.030976440310864804, 0.04359630140532246]
  - [0.004550850016825469, 0.019190167902224796, 0.009554818625314087, 0.0022222426355505013,
    -0.02416727252056935, 0.030976440310864804, 0.06523216655439981, 0.014486590287044278]
  - [-0.01662402877137073, -0.009458825264296917, -0.016493848348988472, -0.0010742809503499844,
    -0.0075538137112346184, 0.04359630140532246, 0.014486590287044278, 0.1017456793701058]
  length of chains: [539, 512, 489, 522, 515, 452, 219, 474, 503, 457, 469, 482, 482,
    502, 540, 498, 394, 484, 518]
  max_samples: 10000
  mean: [1.6490015706201161e-07, 83871961668.4224, 50478850.83003898, 10773702.767910305,
    1.0086541194037324e-21, 2.8727525575346032e-18, 3.260765283554153e-07, 3.029940288156349e-07]
  mean_log10: [-6.78277893070398, 10.923616800783146, 7.703109459471941, 7.032364989769706,
    -20.99625773345247, -17.541701780038437, -6.486680461459587, -6.518565930170873]
  proposal_std: 0.1
  surrogate_is_updated: true
  time_limit: 14400
  type: MH
- N samples [a, r, pr, all]: [4577, 18497, 480457, 503531]
  SD: [2.2137652434699602e-07, 100720617139.73047, 24036971.20529141, 9119111.621162422,
    2.001815355948897e-21, 5.4301603812755195e-17, 4.2548553817120076e-07, 3.6814066255688655e-07]
  SD_log10: [0.39451295867302283, 0.3927794377310784, 0.25914597393508304, 0.41994888923818097,
    0.5107321900607049, 0.8252124466565738, 0.29259482955683624, 0.4129450945882144]
  acceptance ratio [a/r, a/all]: [0.2474455317078445, 0.009089807777475468]
  accepted,rejected,pre-rejected,sum,seed:
  - [261, 966, 27923, 29150, 3]
  - [308, 918, 28774, 30000, 1003]
  - [337, 876, 28787, 30000, 10003]
  - [257, 944, 25887, 27088, 11003]
  - [310, 905, 26469, 27684, 12003]
  - [259, 865, 28876, 30000, 13003]
  - [159, 854, 16873, 17886, 14003]
  - [165, 980, 24793, 25938, 15003]
  - [190, 1070, 24066, 25326, 16003]
  - [236, 914, 26601, 27751, 17003]
  - [266, 926, 24283, 25475, 18003]
  - [275, 888, 27183, 28346, 2003]
  - [233, 1012, 27849, 29094, 3003]
  - [294, 906, 26660, 27860, 4003]
  - [162, 1127, 24786, 26075, 5003]
  - [208, 1095, 23625, 24928, 6003]
  - [89, 1489, 9352, 10930, 7003]
  - [243, 884, 28873, 30000, 8003]
  - [325, 878, 28797, 30000, 9003]
  corr:
  - [1.0, -0.4940809169158498, 0.13864586500199375, 0.026935248835135747, 0.3654777001784889,
    -0.07666596790837135, -0.013671807984183538, -0.1225104584983949]
  - [-0.4940809169158498, 1.0, 0.3720627388730045, 0.20756731842715528, -0.19602981036623787,
    -0.018964123797694975, -0.031183256218256628, -0.1551005965258358]
  - [0.13864586500199375, 0.37206273887300445, 0.9999999999999999, 0.5618104520666891,
    -0.024913728837975, -0.2001244439312856, -0.10262620612229194, -0.4424808713491665]
  - [0.02693524883513575, 0.2075673184271553, 0.5618104520666892, 1.0, -0.041777877180889905,
    -0.028553305654161056, -0.17293801023415084, -0.18295571377212055]
  - [0.3654777001784889, -0.1960298103662379, -0.024913728837975, -0.04177787718088991,
    1.0, -0.013472732570325299, -0.10206745271059436, -0.057165667851675435]
  - [-0.07666596790837135, -0.018964123797694975, -0.2001244439312856, -0.028553305654161056,
    -0.013472732570325299, 1.0, -0.00404882435248236, -0.030106183360665922]
  - [-0.013671807984183538, -0.031183256218256628, -0.10262620612229194, -0.17293801023415087,
    -0.10206745271059435, -0.00404882435248236, 1.0, 0.1231873839766487]
  - [-0.1225104584983949, -0.15510059652583577, -0.4424808713491665, -0.18295571377212055,
    -0.057165667851675435, -0.03010618336066592, 0.1231873839766487, 0.9999999999999999]
  corr_log10:
  - [1.0, -0.7318667038427505, 0.2919731594347889, 0.02358023860339908, 0.200162260588859,
    -0.05119029539945184, -0.016106490595913535, -0.1723992340680312]
  - [-0.7318667038427505, 1.0, 0.2413405078283632, 0.03714718233618575, -0.2895276482263136,
    -0.13176536083068657, 0.0972451899418796, -0.18147296196096166]
  - [0.2919731594347889, 0.24134050782836317, 1.0, 0.32855891300156087, -0.0648986069925555,
    -0.3821300519869803, 0.004664005019344998, -0.382480274976743]
  - [0.023580238603399077, 0.03714718233618575, 0.3285589130015609, 1.0, -0.10625864144815483,
    -0.012236431528576756, -0.2608211154457951, -0.21806050785383577]
  - [0.200162260588859, -0.2895276482263136, -0.06489860699255551, -0.10625864144815483,
    1.0, 0.11736430922035636, -0.13835065875641064, -0.2062718703991353]
  - [-0.051190295399451836, -0.13176536083068657, -0.38213005198698025, -0.012236431528576756,
    0.11736430922035637, 1.0, 0.22246662713435447, 0.07161216249955119]
  - [-0.01610649059591354, 0.0972451899418796, 0.004664005019344998, -0.2608211154457951,
    -0.13835065875641062, 0.2224666271343545, 1.0, 0.27182124279711956]
  - [-0.1723992340680312, -0.18147296196096166, -0.38248027497674303, -0.21806050785383577,
    -0.20627187039913533, 0.07161216249955119, 0.27182124279711956, 1.0]
  cov:
  - [4.900766285630001e-14, -11016.633092314192, 0.7377667731276484, 0.05437583646966344,
    1.6196356477847272e-28, -9.216111214720944e-25, -1.2877844622146185e-15, -9.984340464060715e-15]
  - [-11016.633092314192, 1.014466286330403e+22, 9.007725903373194e+17, 1.9064733858405088e+17,
    -3.952440827713507e-11, -1.0372051849281516e-07, -1336.3662751900292, -5751.041457941386]
  - [0.7377667731276484, 9.007725903373194e+17, 577777132131692.0, 123146749223906.52,
    -1.1987906730358316e-15, -2.612121661453691e-10, -1.0495996648313062, -3.9155150352783608]
  - [0.05437583646966344, 1.9064733858405088e+17, 123146749223906.52, 83158361903384.94,
    -7.626473742475422e-16, -1.4139122111652653e-11, -0.6710094791883411, -0.6142047360826406]
  - [1.6196356477847272e-28, -3.952440827713507e-11, -1.1987906730358316e-15, -7.626473742475422e-16,
    4.007272677354762e-42, -1.4645129790436237e-39, -8.693546042447834e-29, -4.212830151780065e-29]
  - [-9.216111214720944e-25, -1.0372051849281516e-07, -2.612121661453691e-10, -1.4139122111652653e-11,
    -1.4645129790436237e-39, 2.9486700324023948e-33, -9.35464388138382e-26, -6.018427194714749e-25]
  - [-1.2877844622146185e-15, -1336.3662751900292, -1.0495996648313062, -0.6710094791883411,
    -8.693546042447834e-29, -9.35464388138382e-26, 1.8103830271683184e-13, 1.9295928805528383e-14]
  - [-9.984340464060715e-15, -5751.041457941386, -3.9155150352783608, -0.6142047360826406,
    -4.212830151780065e-29, -6.018427194714749e-25, 1.9295928805528383e-14, 1.3552781657255973e-13]
  cov_log10:
  - [0.1556407836479048, -0.11340778525847807, 0.029850357108209505, 0.003906670362687013,
    0.040330867533022036, -0.016665392292971433, -0.0018592153932201574, -0.028085992730826095]
  - [-0.11340778525847807, 0.15427599308105114, 0.024565425720021856, 0.006127339173425058,
    -0.05808083887531029, -0.0427087275135052, 0.011175948271151396, -0.029434309067568967]
  - [0.029850357108209505, 0.024565425720021856, 0.06715676917339782, 0.035756501389400716,
    -0.008589619671533329, -0.08171885854514649, 0.0003536478198524145, -0.04093046540866388]
  - [0.003906670362687013, 0.006127339173425058, 0.035756501389400716, 0.17635741980066025,
    -0.022790549130669524, -0.004240507674372452, -0.03204842525563887, -0.03781521988309939]
  - [0.040330867533022036, -0.05808083887531029, -0.008589619671533329, -0.022790549130669524,
    0.26084788798193065, 0.049464760465865676, -0.02067483119825114, -0.043503721666501016]
  - [-0.016665392292971433, -0.0427087275135052, -0.08171885854514649, -0.004240507674372452,
    0.049464760465865676, 0.6809769344689554, 0.05371531787523721, 0.024403141165669558]
  - [-0.0018592153932201574, 0.011175948271151396, 0.0003536478198524145, -0.03204842525563887,
    -0.02067483119825114, 0.05371531787523721, 0.08561190430004685, 0.032843029859069256]
  - [-0.028085992730826095, -0.029434309067568967, -0.04093046540866388, -0.03781521988309939,
    -0.043503721666501016, 0.024403141165669558, 0.032843029859069256, 0.17052398978797698]
  length of chains: [29151, 30001, 30001, 27089, 27685, 30001, 17887, 25939, 25327,
    27752, 25476, 28347, 29095, 27861, 26076, 24929, 10931, 30001, 30001]
  max_samples: 30000
  mean: [2.27058139165922e-07, 103288854473.71194, 52571862.40617763, 8740646.593955038,
    1.0428394606060746e-21, 1.0405371218069788e-17, 3.7748777546508287e-07, 2.907985321269578e-07]
  mean_log10: [-6.643862925687736, 11.014053460902847, 7.720753362569101, 6.941543560986787,
    -20.98178254367246, -16.982742421451057, -6.423097107965975, -6.5364077900096]
  proposal_std: 0.2
  surrogate_is_updated: true
  time_limit: 36000
  type: DAMH
