best_fit_L2:
  parameters: [0.1978233235305849, 1.95455785445604e-07, 32390393312.3636, 56320090.43838324,
    1.7441113560439362e-22, 2.05226081589232e-17, 1.945743031410204e-06, 1.1180059087129046e-06]
  parameters_log: [-1.6203809520301315, -15.447931644502896, 24.20112771307425, 17.84656187560793,
    -50.10062687147798, -38.425004558405824, -13.149866632554826, -13.703963898171178]
  parameters_log10: [-0.703722506047824, -6.708951470026235, 10.510416221624011, 7.750663343521472,
    -21.758425790176666, -16.687767446822946, -5.710914516282257, -5.9515559011771195]
estimated_distributions:
- {mu: 0.19406476786998758, mu_log10: -0.7135947854984758, name: biot_coefficient,
  sigma: 0.0163385686221246, sigma_log10: 0.03663041790456619}
- {mu: 8.774722483761879e-08, mu_log10: -7.171013494608342, name: storativity, sigma: 6.699458935226776e-08,
  sigma_log10: 0.3260116774579501}
- {mu: 46750448735.28167, mu_log10: 10.56063258482437, name: young_modulus, sigma: 37632580793.93113,
  sigma_log10: 0.30385724083782606}
- {mu: 35351466.49944866, mu_log10: 7.5282655286902544, name: init_stress_x, sigma: 10840902.24331197,
  sigma_log10: 0.1324913400657453}
- {mu: 5.452960494857779e-22, mu_log10: -21.360286302070246, name: perm_kr, sigma: 3.8552301803915074e-22,
  sigma_log10: 0.30087482377678776}
- {mu: 2.942060940044864e-16, mu_log10: -16.226826536711403, name: perm_km, sigma: 7.456139160959673e-16,
  sigma_log10: 0.8170371320457451}
- {mu: 1.027372516881994e-06, mu_log10: -6.076320735338802, name: perm_beta, sigma: 7.047670116625108e-07,
  sigma_log10: 0.27317200470407466}
- {mu: 6.88393837764358e-07, mu_log10: -6.419823836297159, name: perm_gamma, sigma: 1.1187430152067273e-06,
  sigma_log10: 0.44402381139364716}
mode: [0.1973089892404273, 7.429553981882573e-08, 73088864511.51137, 49090017.22450699,
  2.67978538286544e-22, 6.474487488390799e-17, 6.087321413584316e-07, 2.546528229815439e-07]
no chains: 38
no parameters: 8
samplers_list:
- N samples [a, r, pr, all]: [587, 5190, 0, 5777]
  SD: [0.011338120357654614, 3.405538222542975e-08, 32424836848.051228, 9970982.8391629,
    2.2616942372950316e-22, 2.2433488343244404e-16, 4.461586296998972e-07, 3.140888772973621e-07]
  SD_log10: [0.024090771207006857, 0.18197930442139718, 0.22792818976020074, 0.11208280300325865,
    0.27699294335867075, 0.562384971277052, 0.2102890367004585, 0.28197010677967965]
  acceptance ratio [a/r, a/all]: [0.11310211946050096, 0.10160983209278172]
  accepted,rejected,pre-rejected,sum,seed:
  - [26, 315, 0, 341, 2]
  - [19, 314, 0, 333, 1002]
  - [29, 291, 0, 320, 10002]
  - [16, 320, 0, 336, 11002]
  - [30, 281, 0, 311, 12002]
  - [32, 261, 0, 293, 13002]
  - [32, 253, 0, 285, 14002]
  - [37, 256, 0, 293, 15002]
  - [23, 225, 0, 248, 16002]
  - [50, 267, 0, 317, 17002]
  - [37, 260, 0, 297, 18002]
  - [18, 300, 0, 318, 2002]
  - [35, 281, 0, 316, 3002]
  - [49, 243, 0, 292, 4002]
  - [27, 301, 0, 328, 5002]
  - [35, 257, 0, 292, 6002]
  - [30, 259, 0, 289, 7002]
  - [33, 284, 0, 317, 8002]
  - [29, 222, 0, 251, 9002]
  corr:
  - [1.0, -0.023198882876371528, 0.288200343410101, 0.2197989937461419, -0.11207248409395745,
    -0.029948329118303064, -0.06081858837166256, 0.12300528189910535]
  - [-0.023198882876371528, 1.0, -0.4191389833017986, 0.4098909559717618, 0.27729811507651003,
    -0.04631765503239007, -0.044140249793367815, -0.06853488795057316]
  - [0.28820034341010103, -0.41913898330179855, 1.0, 0.5301492261613919, -0.7112534151021896,
    0.04613671196977782, -0.09894430484150799, 0.18830958938884684]
  - [0.21979899374614187, 0.40989095597176184, 0.530149226161392, 1.0, -0.5362744193938309,
    0.025560525790582347, -0.16554141622133767, 0.17158749206039547]
  - [-0.11207248409395745, 0.27729811507651003, -0.7112534151021895, -0.536274419393831,
    1.0, -0.10821102378184086, 0.09650282187709343, -0.3227513014611717]
  - [-0.029948329118303068, -0.04631765503239007, 0.04613671196977782, 0.025560525790582347,
    -0.10821102378184086, 0.9999999999999998, 0.27379403649665335, 0.11625095496279535]
  - [-0.06081858837166256, -0.044140249793367815, -0.09894430484150797, -0.16554141622133767,
    0.09650282187709343, 0.2737940364966533, 0.9999999999999999, -0.03313851792185592]
  - [0.12300528189910534, -0.06853488795057316, 0.18830958938884684, 0.1715874920603955,
    -0.32275130146117165, 0.11625095496279535, -0.03313851792185592, 1.0]
  corr_log10:
  - [1.0, 0.032923852179789354, 0.30103189902842026, 0.22959458494844673, -0.17576380282612383,
    -0.12311754272226624, -0.06992454204732264, 0.07916240364012457]
  - [0.032923852179789354, 1.0, -0.4164299395165067, 0.39789402551095404, 0.34072201567357946,
    0.01514626069335683, -0.1010111014124815, -0.007847451002700625]
  - [0.3010318990284203, -0.4164299395165067, 1.0, 0.6051195186901194, -0.8342326281980722,
    -0.006336766901148673, -0.13969588179292755, 0.21673623921685495]
  - [0.22959458494844667, 0.39789402551095404, 0.6051195186901195, 1.0, -0.5616556564720779,
    0.03774308539475873, -0.18017090250346107, 0.21266352501726268]
  - [-0.17576380282612383, 0.3407220156735795, -0.8342326281980722, -0.5616556564720778,
    1.0, -0.04803137371895958, 0.017662378955151742, -0.3713780692166876]
  - [-0.12311754272226626, 0.01514626069335683, -0.006336766901148673, 0.03774308539475873,
    -0.04803137371895958, 1.0, 0.2452840762949258, 0.06772623642829405]
  - [-0.06992454204732264, -0.1010111014124815, -0.13969588179292755, -0.18017090250346104,
    0.017662378955151742, 0.24528407629492582, 1.0, -0.0409253085565404]
  - [0.07916240364012457, -0.007847451002700625, 0.21673623921685495, 0.21266352501726268,
    -0.37137806921668765, 0.06772623642829403, -0.04092530855654039, 1.0]
  cov:
  - [0.00012857515667403916, -8.95919172794751e-12, 105971307.51015337, 24853.0485388657,
    -2.8744111511352902e-25, -7.618779541252786e-20, -3.077100159285892e-10, 4.3811923144689793e-10]
  - [-8.95919172794751e-12, 1.1599691912308162e-15, -462.9099871179675, 0.1392088995121329,
    2.1361980016835175e-30, -3.5391915609573396e-25, -6.707872199187807e-16, -7.332042265085299e-16]
  - [105971307.51015337, -462.9099871179675, 1.0515514717227555e+21, 1.7143079400814928e+17,
    -5.2168817428789755e-12, 3.356573695272813e-07, -1431.6367403920997, 1918.128638481278]
  - [24853.0485388657, 0.1392088995121329, 1.7143079400814928e+17, 99437655034062.31,
    -1.209577996973589e-15, 5.7184654152552224e-11, -0.7365612534888573, 0.5374661150980095]
  - [-2.8744111511352902e-25, 2.1361980016835175e-30, -5.2168817428789755e-12, -1.209577996973589e-15,
    5.116143525485216e-44, -5.491324954369646e-39, 9.739533113647951e-30, -2.2931337556795542e-29]
  - [-7.618779541252786e-20, -3.5391915609573396e-25, 3.356573695272813e-07, 5.7184654152552224e-11,
    -5.491324954369646e-39, 5.033482433188309e-32, 2.7408484899531103e-23, 8.192582684124047e-24]
  - [-3.077100159285892e-10, -6.707872199187807e-16, -1431.6367403920997, -0.7365612534888573,
    9.739533113647951e-30, 2.7408484899531103e-23, 1.9909187273021252e-13, -4.644616626981387e-15]
  - [4.3811923144689793e-10, -7.332042265085299e-16, 1918.128638481278, 0.5374661150980095,
    -2.2931337556795542e-29, 8.192582684124047e-24, -4.644616626981387e-15, 9.866884645241766e-14]
  cov_log10:
  - [0.0005804654066593715, 0.00014436379276228274, 0.0016532411219784074, 0.0006200493604434536,
    -0.0011730696133475404, -0.0016683197262727476, -0.0003543006115243487, 0.000537833290920694]
  - [0.00014436379276228274, 0.033122181899858785, -0.017275750543442117, 0.00811714564869613,
    0.017177732628982187, 0.001550372552609606, -0.003866185390621216, -0.0004027435730843769]
  - [0.0016532411219784074, -0.017275750543442117, 0.05196022452941317, 0.015461553335532348,
    -0.05267794866818085, -0.0008124084203009234, -0.0066968907290045005, 0.013931811182276137]
  - [0.0006200493604434536, 0.00811714564869613, 0.015461553335532348, 0.012564722555595313,
    -0.0174402522490694, 0.0023794962570891356, -0.004247322178878829, 0.006722177826006906]
  - [-0.0011730696133475404, 0.017177732628982187, -0.05267794866818085, -0.0174402522490694,
    0.07673833054809578, -0.007483458523076141, 0.001028986013808615, -0.02901101772928599]
  - [-0.0016683197262727476, 0.001550372552609606, -0.0008124084203009234, 0.0023794962570891356,
    -0.007483458523076141, 0.3163314334602926, 0.029013133040133022, 0.010741592040288246]
  - [-0.0003543006115243487, -0.003866185390621216, -0.0066968907290045005, -0.004247322178878829,
    0.001028986013808615, 0.029013133040133022, 0.04422910992775366, -0.002427094015003322]
  - [0.000537833290920694, -0.0004027435730843769, 0.013931811182276137, 0.006722177826006906,
    -0.02901101772928599, 0.010741592040288246, -0.002427094015003322, 0.0795208610726702]
  length of chains: [342, 334, 321, 337, 312, 294, 286, 294, 249, 318, 298, 319, 317,
    293, 329, 293, 290, 318, 252]
  max_samples: 10000
  mean: [0.19918337841970846, 7.790084196454644e-08, 58886011877.29795, 40681340.81836742,
    4.031538932351539e-22, 1.6114812920829232e-16, 6.632997355697867e-07, 4.3206326101959726e-07]
  mean_log10: [-0.7007469056803242, -7.108457848379035, 10.77001214222368, 7.609395258420371,
    -21.39452914188626, -15.792774731909212, -6.178290175836865, -6.364452660823234]
  proposal_std: 0.1
  surrogate_is_updated: true
  time_limit: 10800
  type: MH
- N samples [a, r, pr, all]: [777, 13371, 210891, 225039]
  SD: [0.017261697255834575, 7.662800786548313e-08, 46153898800.986176, 13463968.239823943,
    3.5734358807469423e-22, 1.2335740703513363e-15, 6.401975640342165e-07, 1.8677329823146534e-06]
  SD_log10: [0.03855148957263945, 0.3421474728433891, 0.3292660335575699, 0.15560332660987336,
    0.3696249618274468, 0.8539099261422431, 0.2720198312661694, 0.49803020115960867]
  acceptance ratio [a/r, a/all]: [0.05811083688579762, 0.003452734859291056]
  accepted,rejected,pre-rejected,sum,seed:
  - [93, 673, 17373, 18139, 3]
  - [27, 737, 6917, 7681, 1003]
  - [14, 653, 7959, 8626, 10003]
  - [31, 764, 12087, 12882, 11003]
  - [67, 564, 13098, 13729, 12003]
  - [37, 759, 11199, 11995, 13003]
  - [43, 673, 9899, 10615, 14003]
  - [113, 572, 18228, 18913, 15003]
  - [32, 741, 11938, 12711, 16003]
  - [48, 674, 10231, 10953, 17003]
  - [50, 735, 11467, 12252, 18003]
  - [71, 724, 15399, 16194, 2003]
  - [43, 718, 15134, 15895, 3003]
  - [15, 624, 4561, 5200, 4003]
  - [12, 773, 8648, 9433, 5003]
  - [28, 566, 6538, 7132, 6003]
  - [5, 715, 6741, 7461, 7003]
  - [20, 863, 11724, 12607, 8003]
  - [28, 843, 11750, 12621, 9003]
  corr:
  - [0.9999999999999998, 0.16129423753265631, 0.13765666971498314, 0.06234652108500571,
    0.035886101099031203, 0.125772713505925, 0.04184941337626237, -0.008521279055670416]
  - [0.16129423753265631, 1.0, -0.4091610314029134, 0.5019037453044219, 0.4113737929873368,
    0.494148708193631, -0.11020563717010089, -0.09137639184196444]
  - [0.13765666971498314, -0.4091610314029133, 1.0, 0.38476356767715436, -0.5933503243095603,
    -0.08440513509103478, 0.13966480065168446, 0.12246698607214371]
  - [0.06234652108500571, 0.501903745304422, 0.38476356767715436, 1.0, -0.33002941599627456,
    0.32167949582157274, -0.01714915514318935, 0.17037534577689828]
  - [0.0358861010990312, 0.4113737929873368, -0.5933503243095603, -0.3300294159962745,
    1.0, 0.05576754927401871, -0.013791226638994415, -0.23356242469594057]
  - [0.125772713505925, 0.49414870819363105, -0.0844051350910348, 0.32167949582157274,
    0.05576754927401871, 0.9999999999999999, 0.013328591546381755, -0.10722857464694074]
  - [0.04184941337626237, -0.1102056371701009, 0.13966480065168446, -0.01714915514318935,
    -0.013791226638994415, 0.013328591546381757, 0.9999999999999999, 0.06312436595383016]
  - [-0.008521279055670416, -0.09137639184196444, 0.1224669860721437, 0.17037534577689828,
    -0.2335624246959406, -0.10722857464694074, 0.06312436595383016, 1.0]
  corr_log10:
  - [0.9999999999999998, 0.03998859060171826, 0.1476055597833272, 0.07643123071889281,
    0.007232072273400044, 0.04183178679758589, 0.0035561726942619923, 0.02342678546148767]
  - [0.03998859060171827, 1.0, -0.4542591378661482, 0.5135133753687349, 0.4586293009617668,
    0.22648493427728228, -0.15530860437631536, -0.06618030834679747]
  - [0.1476055597833272, -0.45425913786614824, 1.0, 0.48305386822579865, -0.8328473891179833,
    0.15120240046164427, 0.15856770742045448, 0.1250356030707227]
  - [0.07643123071889281, 0.5135133753687348, 0.48305386822579865, 1.0, -0.419649509602049,
    0.3693634804416064, 0.000926685800171279, 0.059365146911945284]
  - [0.007232072273400043, 0.45862930096176674, -0.8328473891179832, -0.41964950960204894,
    1.0, -0.06370612563658588, -0.08014685459916424, -0.24633492411794292]
  - [0.041831786797585896, 0.22648493427728228, 0.1512024004616443, 0.3693634804416064,
    -0.06370612563658588, 1.0, 0.19691596664958422, -0.0646515934234896]
  - [0.003556172694261992, -0.15530860437631536, 0.15856770742045448, 0.0009266858001712791,
    -0.08014685459916425, 0.19691596664958422, 1.0, 0.15540308878649806]
  - [0.023426785461487666, -0.06618030834679747, 0.12503560307072267, 0.059365146911945284,
    -0.24633492411794292, -0.0646515934234896, 0.15540308878649808, 1.0]
  cov:
  - [0.00029796751611034663, 2.1334958980011095e-10, 109670816.60886459, 14490.07818039716,
    2.2135926051276433e-25, 2.678163506523511e-18, 4.6247559215839416e-10, -2.747293136047918e-10]
  - [2.1334958980011095e-10, 5.8718776799395834e-15, -1447.0786065786597, 0.5178249594581753,
    1.1264504159351449e-29, 4.671026822788744e-23, -5.4063890149615904e-15, -1.3077907404011658e-14]
  - [109670816.60886459, -1447.0786065786597, 2.1301918396116299e+21, 2.390987715096054e+17,
    -9.786051593157348e-12, -4.805564652002525e-06, 4126.77989733059, 10557.087987414394]
  - [14490.07818039716, 0.5178249594581753, 2.390987715096054e+17, 181279246240708.25,
    -1.5878652812246004e-15, 5.342734826599753e-09, -0.14781950880840455, 4.284464478261019]
  - [2.2135926051276433e-25, 1.1264504159351449e-29, -9.786051593157348e-12, -1.5878652812246004e-15,
    1.276950073251763e-43, 2.4582990604653656e-38, -3.15503975824775e-30, -1.5588548796271263e-28]
  - [2.678163506523511e-18, 4.671026822788744e-23, -4.805564652002525e-06, 5.342734826599753e-09,
    2.4582990604653656e-38, 1.5217117484634628e-30, 1.0526050232288691e-23, -2.47054337319641e-22]
  - [4.6247559215839416e-10, -5.4063890149615904e-15, 4126.77989733059, -0.14781950880840455,
    -3.15503975824775e-30, 1.0526050232288691e-23, 4.098547421025157e-13, 7.547928264897057e-14]
  - [-2.747293136047918e-10, -1.3077907404011658e-14, 10557.087987414394, 4.284464478261019,
    -1.5588548796271263e-28, -2.47054337319641e-22, 7.547928264897057e-14, 3.488441993412758e-12]
  cov_log10:
  - [0.0014862239520052835, 0.0005274636396173636, 0.0018736684378234713, 0.0004584931199630826,
    0.00010305454334429124, 0.0013770876081322203, 3.729292972127531e-05, 0.00044979173712667193]
  - [0.0005274636396173636, 0.11706541332972054, -0.051175944963671824, 0.027339206401175542,
    0.05800138398590491, 0.06617083978782222, -0.014454775477075741, -0.01127715974141322]
  - [0.0018736684378234713, -0.051175944963671824, 0.10841660258212686, 0.024749321849138098,
    -0.10136209613873201, 0.04251279022002909, 0.014202479655075508, 0.020503983070513983]
  - [0.0004584931199630826, 0.027339206401175542, 0.024749321849138098, 0.02421250283546857,
    -0.024136195769917625, 0.049077996233856426, 3.9224180820243675e-05, 0.0046005317655684564]
  - [0.00010305454334429124, 0.05800138398590491, -0.10136209613873201, -0.024136195769917625,
    0.13662321946378447, -0.020107425955597582, -0.008058426928478262, -0.04534661673866862]
  - [0.0013770876081322203, 0.06617083978782222, 0.04251279022002909, 0.049077996233856426,
    -0.020107425955597582, 0.7291654018637775, 0.04573992943614399, -0.02749469487949729]
  - [3.729292972127531e-05, -0.014454775477075741, 0.014202479655075508, 3.9224180820243675e-05,
    -0.008058426928478262, 0.04573992943614399, 0.07399511738454956, 0.021053185781824062]
  - [0.00044979173712667193, -0.01127715974141322, 0.020503983070513983, 0.0046005317655684564,
    -0.04534661673866862, -0.02749469487949729, 0.021053185781824062, 0.24803518336161406]
  length of chains: [18140, 7682, 8627, 12883, 13730, 11996, 10616, 18914, 12712,
    10954, 12253, 16195, 15896, 5201, 9434, 7133, 7462, 12608, 12622]
  max_samples: 30000
  mean: [0.19437987969375717, 9.522152247535055e-08, 53675248690.09188, 39229917.2253048,
    4.696725503169547e-22, 4.682308273820129e-16, 9.389742478555951e-07, 9.359147708230753e-07]
  mean_log10: [-0.7113486910054397, -7.021264878969913, 10.729774065301754, 7.593617391773908,
    -21.328204821111694, -15.329539996617257, -6.027346318455483, -6.028763698533852]
  proposal_std: 0.2
  surrogate_is_updated: true
  time_limit: 28800
  type: DAMH
