best_fit_L2:
  parameters: [9.068187119184077e-08, 42923859242.12455, 20853049.660986423, 3592314.122557801,
    3.644118571371728e-22, 1.0501004224727859e-17, 3.543845564355384e-07, 8.816483675652543e-07]
  parameters_log: [-16.215908376409256, 24.482693667771095, 16.85301076222713, 15.09430715518137,
    -49.363757528204914, -39.09506078085233, -14.852883195814133, -13.941472536661987]
  parameters_log10: [-7.04247952692326, 10.632698762040672, 7.319169577491358, 6.555374305648041,
    -21.438407500509502, -16.9787691667964, -6.450525212295614, -6.054704592278032]
estimated_distributions:
- {mu: 8.70168029018986e-08, mu_log10: -7.241276662306463, name: storativity, sigma: 8.678585173184672e-08,
  sigma_log10: 0.4069871796740106}
- {mu: 80459704486.59294, mu_log10: 10.694897056104693, name: young_modulus, sigma: 98012389011.0343,
  sigma_log10: 0.4190854387494034}
- {mu: 31346340.34153698, mu_log10: 7.457939201601317, name: init_stress_x, sigma: 14127947.63756032,
  sigma_log10: 0.18077537359147777}
- {mu: 5634647.1812759405, mu_log10: 6.620241140984564, name: init_stress_y, sigma: 5195241.908070445,
  sigma_log10: 0.3301929055757548}
- {mu: 1.2371297049773965e-20, mu_log10: -20.62811527817963, name: perm_kr, sigma: 2.5131753232230256e-20,
  sigma_log10: 0.9155247577402016}
- {mu: 2.1517935301240165e-18, mu_log10: -18.140493148490066, name: perm_km, sigma: 4.168387557236196e-18,
  sigma_log10: 0.6570419587550338}
- {mu: 1.9067823644891012e-07, mu_log10: -6.83463155913219, name: perm_beta, sigma: 1.7821223962171538e-07,
  sigma_log10: 0.30168498461554333}
- {mu: 4.948003248792242e-07, mu_log10: -6.515106591280721, name: perm_gamma, sigma: 5.160960933829815e-07,
  sigma_log10: 0.4523211438082794}
mode: [4.7059577109862185e-08, 113084226628.66194, 39892960.4243413, 11514759.210335646,
  8.991066886212501e-22, 1.8670063942219906e-18, 1.870816678296552e-07, 4.402964863874528e-07]
no chains: 38
no parameters: 8
samplers_list:
- N samples [a, r, pr, all]: [1070, 6529, 0, 7599]
  SD: [5.969263433131638e-08, 61194110640.134544, 13486109.931631774, 5458264.321789875,
    1.9742061973819655e-20, 6.317798521293324e-18, 2.2052687156029915e-07, 3.900111973200014e-07]
  SD_log10: [0.2914380370559233, 0.3076064806682022, 0.16010809756951183, 0.30023953255482344,
    0.6915619313042897, 0.5290220042336673, 0.26495914446322116, 0.3465595342477223]
  acceptance ratio [a/r, a/all]: [0.16388420891407565, 0.1408080010527701]
  accepted,rejected,pre-rejected,sum,seed:
  - [51, 385, 0, 436, 2]
  - [65, 364, 0, 429, 1002]
  - [70, 296, 0, 366, 10002]
  - [52, 399, 0, 451, 11002]
  - [44, 402, 0, 446, 12002]
  - [49, 237, 0, 286, 13002]
  - [58, 210, 0, 268, 14002]
  - [57, 301, 0, 358, 15002]
  - [61, 469, 0, 530, 16002]
  - [61, 377, 0, 438, 17002]
  - [48, 247, 0, 295, 18002]
  - [67, 310, 0, 377, 2002]
  - [73, 311, 0, 384, 3002]
  - [52, 413, 0, 465, 4002]
  - [50, 359, 0, 409, 5002]
  - [57, 340, 0, 397, 6002]
  - [50, 312, 0, 362, 7002]
  - [45, 359, 0, 404, 8002]
  - [60, 438, 0, 498, 9002]
  corr:
  - [1.0, -0.39363100700560044, 0.2297922092259725, -0.07089455584778158, 0.048934717486111654,
    0.12585858208896142, 0.04226157819586477, -0.14517089595661894]
  - [-0.3936310070056005, 1.0, 0.35541327303753134, -0.047529739043075746, -0.1555891703306034,
    0.08798302377313152, 0.126900422520759, -0.2145903928452714]
  - [0.22979220922597252, 0.35541327303753134, 1.0, 0.5119592135783048, -0.050677968527492866,
    0.10208808960106963, 0.11728440763588893, -0.5176523072777353]
  - [-0.07089455584778158, -0.04752973904307574, 0.5119592135783048, 0.9999999999999998,
    0.10619898527998294, 0.05635268412763981, 0.022183113073460117, -0.22993966040133698]
  - [0.048934717486111654, -0.1555891703306034, -0.05067796852749286, 0.10619898527998294,
    1.0, -0.049346891132593315, 0.04504386874309607, 0.0705799039804782]
  - [0.12585858208896142, 0.08798302377313152, 0.10208808960106963, 0.05635268412763981,
    -0.049346891132593315, 0.9999999999999999, 0.28786191595060057, -0.13821892330902702]
  - [0.04226157819586476, 0.126900422520759, 0.11728440763588893, 0.022183113073460114,
    0.04504386874309608, 0.2878619159506005, 1.0, 0.27585799191390187]
  - [-0.14517089595661894, -0.2145903928452714, -0.5176523072777353, -0.22993966040133695,
    0.07057990398047818, -0.13821892330902702, 0.27585799191390187, 1.0]
  corr_log10:
  - [1.0, -0.3385552255954259, 0.3853269166887243, 0.10597924903339245, -0.020674443985558445,
    0.2916783144035357, 0.09119314701561305, -0.1267368089493311]
  - [-0.33855522559542595, 0.9999999999999998, 0.5426764952737245, 0.07511876119740457,
    -0.14390850274448705, -0.03714576888452666, 0.3223046623359102, -0.26355277719971765]
  - [0.38532691668872426, 0.5426764952737245, 0.9999999999999998, 0.550904207690043,
    0.09050070886183882, 0.1878004059511242, 0.2272728550165145, -0.4992619051379169]
  - [0.10597924903339247, 0.07511876119740457, 0.550904207690043, 0.9999999999999998,
    0.2601381038730389, 0.20727472717976056, 0.05628139662807263, -0.24025692519285696]
  - [-0.020674443985558445, -0.14390850274448708, 0.09050070886183882, 0.2601381038730389,
    1.0, 0.1015338264442961, 0.11971121127903966, 0.0026998537575580145]
  - [0.2916783144035357, -0.03714576888452667, 0.18780040595112418, 0.20727472717976056,
    0.1015338264442961, 1.0, 0.4587209494551014, -0.1312507423017896]
  - [0.09119314701561307, 0.3223046623359102, 0.22727285501651454, 0.05628139662807264,
    0.11971121127903966, 0.45872094945510133, 1.0, 0.05221134462609734]
  - [-0.1267368089493311, -0.26355277719971765, -0.4992619051379169, -0.24025692519285693,
    0.002699853757558014, -0.1312507423017896, 0.05221134462609735, 0.9999999999999999]
  cov:
  - [3.563678390523084e-15, -1438.058941532973, 0.18501193873171737, -0.02310176741591731,
    5.767496696181905e-29, 4.7470779671033243e-26, 5.563972640402268e-16, -3.3801376870251154e-15]
  - [-1438.058941532973, 3.7452108035537093e+21, 2.933505982662423e+17, -1.587766493936831e+16,
    -1.879916310753968e-10, 3.401976392482189e-08, 1712.7391489718757, -5122.170031172556]
  - [0.18501193873171737, 2.933505982662423e+17, 181899038620038.0, 37690650630923.016,
    -1.3494457087547747e-14, 8.699304986442026e-12, 0.3488554430292795, -2.723070831686354]
  - [-0.02310176741591731, -1.587766493936831e+16, 37690650630923.016, 29796560742930.586,
    1.1445228133778414e-14, 1.9435331574482583e-12, 0.026705184647845347, -0.48955617988928496]
  - [5.767496696181905e-29, -1.879916310753968e-10, -1.3494457087547747e-14, 1.1445228133778414e-14,
    3.8980017928730505e-40, -6.155666641415643e-39, 1.9613121757793994e-28, 5.435101547939733e-28]
  - [4.7470779671033243e-26, 3.401976392482189e-08, 8.699304986442026e-12, 1.9435331574482583e-12,
    -6.155666641415643e-39, 3.991981835234272e-35, 4.011146395137503e-25, -3.406178208025476e-25]
  - [5.563972640402268e-16, 1712.7391489718757, 0.3488554430292795, 0.026705184647845347,
    1.9613121757793994e-28, 4.011146395137503e-25, 4.8638485759321696e-14, 2.3729095032056927e-14]
  - [-3.3801376870251154e-15, -5122.170031172556, -2.723070831686354, -0.48955617988928496,
    5.435101547939733e-28, -3.406178208025476e-25, 2.3729095032056927e-14, 1.521287036731652e-13]
  cov_log10:
  - [0.08494728030679341, -0.030354860986794616, 0.0179823269812524, 0.009274531036225874,
    -0.004167428552100847, 0.044976030618531976, 0.007042783884884788, -0.012802178113709185]
  - [-0.030354860986794616, 0.09463416939189555, 0.02673048276922953, 0.006938551022284011,
    -0.030617521175625193, -0.006045546730697002, 0.026272293936463666, -0.028099457929507545]
  - [0.0179823269812524, 0.02673048276922953, 0.02563796835342336, 0.026485871922903522,
    0.010021976251885814, 0.01590891542931818, 0.009642658590701311, -0.027706176136635133]
  - [0.009274531036225874, 0.006938551022284011, 0.026485871922903522, 0.09015561145999261,
    0.054020666335722355, 0.03292645510868987, 0.004477840981680707, -0.02500222469935521]
  - [-0.004167428552100847, -0.030617521175625193, 0.010021976251885814, 0.054020666335722355,
    0.47832069305366715, 0.03715117733070862, 0.02193824231847121, 0.0006471518290191294]
  - [0.044976030618531976, -0.006045546730697002, 0.01590891542931818, 0.03292645510868987,
    0.03715117733070862, 0.2799010230247124, 0.06430699805621609, -0.02406635778114869]
  - [0.007042783884884788, 0.026272293936463666, 0.009642658590701311, 0.004477840981680707,
    0.02193824231847121, 0.06430699805621609, 0.07021256490111709, 0.0047948900700805165]
  - [-0.012802178113709185, -0.028099457929507545, -0.027706176136635133, -0.02500222469935521,
    0.0006471518290191294, -0.02406635778114869, 0.0047948900700805165, 0.12011927860139025]
  length of chains: [437, 430, 367, 452, 447, 287, 269, 359, 531, 439, 296, 378, 385,
    466, 410, 398, 363, 405, 499]
  max_samples: 10000
  mean: [9.766721954636645e-08, 87847691202.63791, 40647113.460147426, 8281671.160823673,
    4.626611036258489e-21, 3.6229056689372736e-18, 2.7425494866664713e-07, 4.161908172963471e-07]
  mean_log10: [-7.010251175881698, 10.943730351931139, 7.609029709761797, 6.918117982037526,
    -20.334737010529764, -17.440942973719633, -6.561845527256524, -6.3807075061559155]
  proposal_std: 0.1
  surrogate_is_updated: true
  time_limit: 14400
  type: MH
- N samples [a, r, pr, all]: [2773, 12690, 184038, 199501]
  SD: [1.1857055211336011e-07, 136214335592.267, 17645188.3373942, 8189009.365291518,
    2.2062517618046484e-20, 5.129183252959371e-18, 2.382934157452889e-07, 5.680451009362152e-07]
  SD_log10: [0.4758503717756243, 0.4809050862675312, 0.20097087017748005, 0.38889518724868494,
    0.9205303011614315, 0.691742564629202, 0.3424841677302969, 0.5018402778106739]
  acceptance ratio [a/r, a/all]: [0.21851851851851853, 0.01389967970085363]
  accepted,rejected,pre-rejected,sum,seed:
  - [150, 635, 10390, 11175, 3]
  - [203, 651, 10053, 10907, 1003]
  - [139, 651, 11942, 12732, 10003]
  - [103, 604, 8369, 9076, 11003]
  - [207, 619, 13438, 14264, 12003]
  - [161, 574, 9236, 9971, 13003]
  - [128, 603, 7108, 7839, 14003]
  - [122, 857, 9895, 10874, 15003]
  - [212, 698, 13815, 14725, 16003]
  - [74, 781, 6078, 6933, 17003]
  - [110, 623, 8238, 8971, 18003]
  - [99, 691, 8731, 9521, 2003]
  - [163, 736, 10509, 11408, 3003]
  - [164, 448, 7249, 7861, 4003]
  - [151, 666, 10406, 11223, 5003]
  - [171, 719, 11811, 12701, 6003]
  - [169, 584, 9186, 9939, 7003]
  - [68, 849, 6797, 7714, 8003]
  - [179, 701, 10787, 11667, 9003]
  corr:
  - [0.9999999999999999, -0.378667871536658, 0.3384515479056715, 0.24343741261205262,
    0.005707456877154547, 0.0905979310846089, -0.10714643251137476, -0.22098632436471516]
  - [-0.37866787153665793, 1.0, 0.18254546133040414, -0.09565346118037556, -0.18609814701493402,
    -0.08167008278786321, 0.25481684822544, -0.04981516398769013]
  - [0.33845154790567156, 0.18254546133040414, 1.0, 0.6743449669620216, -0.10106325486995851,
    0.12786925087327716, 0.13709333532072696, -0.4488601876628906]
  - [0.24343741261205262, -0.09565346118037556, 0.6743449669620217, 1.0, -0.06170690517686895,
    0.3202241594723198, 0.07020136079297115, -0.23032249187681453]
  - [0.005707456877154547, -0.18609814701493405, -0.10106325486995851, -0.06170690517686894,
    1.0, 0.000632554411237427, 0.06583503250749786, -0.006142803403428838]
  - [0.09059793108460888, -0.08167008278786322, 0.1278692508732772, 0.32022415947231975,
    0.000632554411237427, 0.9999999999999999, 0.18433162573671152, -0.13144495385687963]
  - [-0.10714643251137476, 0.25481684822543993, 0.13709333532072696, 0.07020136079297117,
    0.06583503250749786, 0.18433162573671152, 1.0, 0.14087542653316695]
  - [-0.22098632436471516, -0.04981516398769013, -0.4488601876628906, -0.23032249187681453,
    -0.006142803403428838, -0.13144495385687963, 0.14087542653316698, 1.0]
  corr_log10:
  - [1.0, -0.6827887727806785, 0.3997681416088609, 0.22194477715828093, 0.10031398282826287,
    0.33653004733599423, -0.23183743501267545, -0.34326140169576946]
  - [-0.6827887727806785, 1.0, 0.23524483388110656, -0.1343532769412811, -0.31096694824104304,
    -0.30034793230031137, 0.34857879150613846, 0.03349727110387655]
  - [0.3997681416088609, 0.23524483388110656, 1.0, 0.5366794890694602, -0.08986966326620288,
    0.17519685890106995, 0.04391423676079795, -0.5774743300938244]
  - [0.22194477715828095, -0.1343532769412811, 0.5366794890694602, 0.9999999999999999,
    0.06662458106683873, 0.3959125849008197, 0.024878341974647156, -0.28895008654161103]
  - [0.10031398282826287, -0.31096694824104304, -0.08986966326620288, 0.06662458106683873,
    0.9999999999999999, 0.23058282183364198, 0.14844100250184486, -0.04937324157719689]
  - [0.33653004733599423, -0.30034793230031137, 0.17519685890106995, 0.39591258490081965,
    0.23058282183364198, 1.0, 0.4453801204818705, -0.1414499317517644]
  - [-0.23183743501267545, 0.3485787915061384, 0.04391423676079795, 0.02487834197464716,
    0.1484410025018449, 0.44538012048187053, 1.0, 0.1640486281570495]
  - [-0.3432614016957694, 0.03349727110387655, -0.5774743300938244, -0.28895008654161103,
    -0.0493732415771969, -0.1414499317517644, 0.1640486281570495, 0.9999999999999998]
  cov:
  - [1.4059046292813187e-14, -6115.898845524623, 0.7081117839585509, 0.2363729144711505,
    1.4930581662768397e-29, 5.50992280780329e-26, -3.0273928228400637e-15, -1.4884259594282493e-14]
  - [-6115.898845524623, 1.8554438216220299e+22, 4.3875525467123085e+17, -1.066981895256259e+17,
    -5.59270756813789e-10, -5.706058298768024e-08, 8271.136257460805, -3854.5117692281215]
  - [0.7081117839585509, 4.3875525467123085e+17, 311354231978576.7, 97441051791668.92,
    -3.934384727654956e-14, 1.1572916279167502e-11, 0.5764436506336873, -4.499066166432554]
  - [0.2363729144711505, -1.066981895256259e+17, 97441051791668.92, 67060210492532.43,
    -1.1148652518338809e-14, 1.3450420270778463e-11, 0.13699071036353244, -1.0714026437982642]
  - [1.4930581662768397e-29, -5.59270756813789e-10, -3.934384727654956e-14, -1.1148652518338809e-14,
    4.867571232873109e-40, 7.158192123997145e-41, 3.4611971956020372e-28, -7.698510050927554e-29]
  - [5.50992280780329e-26, -5.706058298768024e-08, 1.1572916279167502e-11, 1.3450420270778463e-11,
    7.158192123997145e-41, 2.630865270216082e-35, 2.2530056887664575e-25, -3.829809122125342e-25]
  - [-3.0273928228400637e-15, 8271.136257460805, 0.5764436506336873, 0.13699071036353244,
    3.4611971956020372e-28, 2.2530056887664575e-25, 5.678403659077804e-14, 1.9069191578865872e-14]
  - [-1.4884259594282493e-14, -3854.5117692281215, -4.499066166432554, -1.0714026437982642,
    -7.698510050927554e-29, -3.829809122125342e-25, 1.9069191578865872e-14, 3.226768539633069e-13]
  cov_log10:
  - [0.22643471121631228, -0.15624939030243334, 0.0382308438337667, 0.04107240065666576,
    0.043941224208125344, 0.11077479014621595, -0.03778301865718671, -0.08197153658891013]
  - [-0.15624939030243334, 0.2312708611341922, 0.022736036347562345, -0.025127100641308107,
    -0.13766193426869094, -0.09991500012724183, 0.057412043711585314, 0.008084189593226331]
  - [0.0382308438337667, 0.022736036347562345, 0.04038949309319761, 0.04194525663450095,
    -0.016625950871658392, 0.024356007819795522, 0.0030226031353936915, -0.05824162561649852]
  - [0.04107240065666576, -0.025127100641308107, 0.04194525663450095, 0.15124022468555748,
    0.023851040249026952, 0.10650709807571122, 0.0033135740347299417, -0.056392726053821965]
  - [0.043941224208125344, -0.13766193426869094, -0.016625950871658392, 0.023851040249026952,
    0.8473802824508626, 0.1468289573741105, 0.0467987921179342, -0.022808536612093772]
  - [0.11077479014621595, -0.09991500012724183, 0.024356007819795522, 0.10650709807571122,
    0.1468289573741105, 0.4785101740264544, 0.10551592358153355, -0.049103780937727284]
  - [-0.03778301865718671, 0.057412043711585314, 0.0030226031353936915, 0.0033135740347299417,
    0.0467987921179342, 0.10551592358153355, 0.11729599303683005, 0.028195564532851977]
  - [-0.08197153658891013, 0.008084189593226331, -0.05824162561649852, -0.056392726053821965,
    -0.022808536612093772, -0.049103780937727284, 0.028195564532851977, 0.2518449266871692]
  length of chains: [11176, 10908, 12733, 9077, 14265, 9972, 7840, 10875, 14726, 6934,
    8972, 9522, 11409, 7862, 11224, 12702, 9940, 7715, 11668]
  max_samples: 30000
  mean: [1.0883260102673249e-07, 99810034632.20433, 35717178.15481645, 7385072.907567943,
    9.781945767280632e-21, 2.8239115271559418e-18, 2.3058330974637547e-07, 4.983815588211607e-07]
  mean_log10: [-6.963240991354687, 10.999174206280527, 7.5528771400204935, 6.868354787149411,
    -20.00957474930824, -17.549148913806448, -6.637172131331766, -6.3024380358721235]
  proposal_std: 0.2
  surrogate_is_updated: true
  time_limit: 36000
  type: DAMH
