best_fit_L2:
  parameters: [6.532875593041402e-08, 79361779325.80074, 21659604.922139715, 1058649.1686487957,
    1.3226337764951605e-22, 2.0146440673693722e-19, 2.406075047137564e-07, 1.1142474733763266e-06]
  parameters_log: [-16.54383353112806, 25.097282720611712, 16.890959559395686, 13.872504284190047,
    -50.377247011984785, -43.0486742285952, -15.240098842230784, -13.707331292677777]
  parameters_log10: [-7.184895612094907, 10.899611396327499, 7.335650530696528, 6.024752060802958,
    -21.878560390782074, -18.695801670729622, -6.618690830840967, -5.953018342029727]
estimated_distributions:
- {mu: 1.7970761357209009e-07, mu_log10: -7.168536654516265, name: storativity, sigma: 4.5193047476476733e-07,
  sigma_log10: 0.5132298747437641}
- {mu: 92305624323.493, mu_log10: 10.812689221260593, name: young_modulus, sigma: 86829046418.80981,
  sigma_log10: 0.3707344191268657}
- {mu: 38587589.52896021, mu_log10: 7.4915659324191655, name: init_stress_x, sigma: 32640184.858122814,
  sigma_log10: 0.26132237354979454}
- {mu: 5925949.1134869605, mu_log10: 6.614482678293644, name: init_stress_y, sigma: 6012195.310223776,
  sigma_log10: 0.36502274667109547}
- {mu: 2.524840614901754e-21, mu_log10: -21.450683976309783, name: perm_kr, sigma: 7.91622121485451e-21,
  sigma_log10: 0.9047885819969839}
- {mu: 1.5875004043513141e-18, mu_log10: -18.2871662708271, name: perm_km, sigma: 4.143402443295964e-18,
  sigma_log10: 0.6135453505264884}
- {mu: 2.5966710546369736e-07, mu_log10: -6.7519308818520765, name: perm_beta, sigma: 3.7453008501504764e-07,
  sigma_log10: 0.3322763547116586}
- {mu: 7.996342851305574e-07, mu_log10: -6.377180108414434, name: perm_gamma, sigma: 9.528941964940876e-07,
  sigma_log10: 0.5253848394091475}
mode: [1.2628022364781904e-06, 69086421544.65157, 138959247.3236292, 22966915.393490102,
  5.287430919997344e-23, 7.78028440525769e-19, 2.720288219623161e-07, 1.1982381643198015e-06]
no chains: 38
no parameters: 8
samplers_list:
- N samples [a, r, pr, all]: [980, 7440, 0, 8420]
  SD: [7.344963812878668e-08, 60682672155.97176, 18597801.667734493, 8477038.599356225,
    2.2195259413716932e-21, 3.927793348601294e-18, 9.490542724555457e-07, 1.165526665782836e-06]
  SD_log10: [0.2791423476764555, 0.2623019496317043, 0.17834646087397965, 0.36171464982074725,
    0.48845796278650183, 0.4790742181262685, 0.3909783482827148, 0.3845709414867555]
  acceptance ratio [a/r, a/all]: [0.13172043010752688, 0.1163895486935867]
  accepted,rejected,pre-rejected,sum,seed:
  - [41, 463, 0, 504, 2]
  - [81, 324, 0, 405, 1002]
  - [66, 401, 0, 467, 10002]
  - [32, 492, 0, 524, 11002]
  - [42, 485, 0, 527, 12002]
  - [50, 360, 0, 410, 13002]
  - [52, 290, 0, 342, 14002]
  - [50, 410, 0, 460, 15002]
  - [60, 416, 0, 476, 16002]
  - [44, 448, 0, 492, 17002]
  - [62, 337, 0, 399, 18002]
  - [61, 267, 0, 328, 2002]
  - [71, 359, 0, 430, 3002]
  - [42, 306, 0, 348, 4002]
  - [45, 461, 0, 506, 5002]
  - [43, 376, 0, 419, 6002]
  - [43, 445, 0, 488, 7002]
  - [36, 375, 0, 411, 8002]
  - [59, 425, 0, 484, 9002]
  corr:
  - [1.0, -0.3819579587339125, 0.40625369259288374, 0.13696876479652345, -0.21464383913873367,
    -0.1911024452719471, -0.04370948006366166, -0.15315849874570073]
  - [-0.3819579587339125, 1.0, 0.34988968442978935, 0.09562938530104914, -0.07052422117681989,
    0.2889270689339713, 0.0705759493087178, -0.0597752448806859]
  - [0.40625369259288374, 0.3498896844297894, 0.9999999999999998, 0.7260104372598282,
    -0.17196331897567643, -0.044685539038971406, 0.04396549300173983, -0.21712103802587637]
  - [0.13696876479652345, 0.09562938530104914, 0.7260104372598282, 0.9999999999999998,
    -0.06854950153532935, 0.045140620338985554, 0.07568990104468623, -0.14504206406953354]
  - [-0.2146438391387337, -0.0705242211768199, -0.17196331897567643, -0.06854950153532935,
    1.0, -0.023147569980929716, -0.10774935235638498, -0.061377419852191986]
  - [-0.1911024452719471, 0.28892706893397135, -0.044685539038971406, 0.045140620338985554,
    -0.023147569980929716, 0.9999999999999998, 0.0006885544925020076, 0.020680146123368864]
  - [-0.04370948006366167, 0.0705759493087178, 0.04396549300173983, 0.07568990104468622,
    -0.10774935235638497, 0.0006885544925020076, 1.0, 0.011244262641527879]
  - [-0.15315849874570073, -0.059775244880685904, -0.21712103802587637, -0.14504206406953354,
    -0.061377419852191986, 0.020680146123368864, 0.011244262641527879, 1.0]
  corr_log10:
  - [1.0, -0.3112090183468562, 0.5089821590163219, 0.09426142322508115, -0.23287394070196613,
    -0.19936984174074496, 0.07668683398110014, -0.13572086652038423]
  - [-0.3112090183468562, 1.0, 0.5056263620516678, 0.3370389738510049, 0.0034829821406938653,
    0.15982836158724487, 0.43239589049530586, 0.11476639034914134]
  - [0.5089821590163218, 0.5056263620516678, 1.0, 0.6548589513840551, -0.053601300904445454,
    0.03412732412737509, 0.33310620743242714, -0.1329846508672824]
  - [0.09426142322508115, 0.3370389738510049, 0.6548589513840551, 1.0, 0.06358275683852405,
    0.3532735827449533, 0.31393813094065365, -0.08695477925958094]
  - [-0.23287394070196613, 0.0034829821406938653, -0.053601300904445454, 0.06358275683852405,
    1.0, 0.018983915559090653, -0.19453496785257895, -0.1166530297746361]
  - [-0.19936984174074496, 0.15982836158724487, 0.0341273241273751, 0.3532735827449533,
    0.018983915559090656, 0.9999999999999999, 0.22787424518501542, 0.024205780927878697]
  - [0.07668683398110014, 0.4323958904953059, 0.33310620743242714, 0.31393813094065365,
    -0.19453496785257895, 0.22787424518501542, 1.0, 0.11681495647659962]
  - [-0.13572086652038423, 0.11476639034914135, -0.1329846508672824, -0.08695477925958095,
    -0.1166530297746361, 0.024205780927878697, 0.11681495647659962, 1.0]
  cov:
  - [5.3954886929136395e-15, -1702.6343334775065, 0.5550090435061479, 0.08529171090761299,
    -3.499611050390989e-29, -5.513863375535252e-26, -3.0472481032032994e-15, -1.3113071859028543e-14]
  - [-1702.6343334775065, 3.6828231051443244e+21, 3.9491980427495885e+17, 4.919848022773981e+16,
    -9.499804910086781e-12, 6.887363816839095e-08, 4065.031727670757, -4228.241072138849]
  - [0.5550090435061479, 3.9491980427495885e+17, 345919217418358.0, 114472219313063.9,
    -7.099195265798588e-15, -3.2645904762253697e-12, 0.7760971236282724, -4.706924134866649]
  - [0.08529171090761299, 4.919848022773981e+16, 114472219313063.9, 71868699672787.47,
    -1.289912207841586e-15, 1.5031827381694591e-12, 0.6090102646825629, -1.4332165420309289]
  - [-3.499611050390989e-29, -9.499804910086781e-12, -7.099195265798588e-15, -1.289912207841586e-15,
    4.9268792270580975e-42, -2.018207088887384e-40, -2.269955838930883e-28, -1.5879708763155967e-28]
  - [-5.513863375535252e-26, 6.887363816839095e-08, -3.2645904762253697e-12, 1.5031827381694591e-12,
    -2.018207088887384e-40, 1.542938893259555e-35, 2.5670212335721403e-27, 9.468385101199771e-26]
  - [-3.0472481032032994e-15, 4065.031727670757, 0.7760971236282724, 0.6090102646825629,
    -2.269955838930883e-28, 2.5670212335721403e-27, 9.008107558457102e-13, 1.2439293352115111e-14]
  - [-1.3113071859028543e-14, -4228.241072138849, -4.706924134866649, -1.4332165420309289,
    -1.5879708763155967e-28, 9.468385101199771e-26, 1.2439293352115111e-14, 1.3586134008775281e-12]
  cov_log10:
  - [0.07792968473542515, -0.02278929471767042, 0.025342196131425913, 0.009518692206290364,
    -0.031755962379602445, -0.026664869108632444, 0.008370486656412398, -0.014571366502721051]
  - [-0.02278929471767042, 0.06881046664558213, 0.023656320142108535, 0.031981527806703436,
    0.0004463046645102391, 0.020086748014079857, 0.044349349054285725, 0.011578283313655305]
  - [0.025342196131425913, 0.023656320142108535, 0.03181122965594205, 0.04225030303801038,
    -0.004670017256760905, 0.002916224794491263, 0.023230116875238824, -0.009122081421588723]
  - [0.009518692206290364, 0.031981527806703436, 0.04225030303801038, 0.1308529936413176,
    0.011235285490686697, 0.06122538525931841, 0.04440320723361038, -0.012097273146016854]
  - [-0.031755962379602445, 0.0004463046645102391, -0.004670017256760905, 0.011235285490686697,
    0.23861945720729347, 0.004442907307095401, -0.037156007747851334, -0.02191548812345849]
  - [-0.026664869108632444, 0.020086748014079857, 0.002916224794491263, 0.06122538525931841,
    0.004442907307095401, 0.22953930629629138, 0.042687646942763224, 0.004460153742765243]
  - [0.008370486656412398, 0.044349349054285725, 0.023230116875238824, 0.04440320723361038,
    -0.037156007747851334, 0.042687646942763224, 0.15288218497530168, 0.01756625125876445]
  - [-0.014571366502721051, 0.011578283313655305, -0.009122081421588723, -0.012097273146016854,
    -0.02191548812345849, 0.004460153742765243, 0.01756625125876445, 0.14791233627102232]
  length of chains: [505, 406, 468, 525, 528, 411, 343, 461, 477, 493, 400, 329, 431,
    349, 507, 420, 489, 412, 485]
  max_samples: 10000
  mean: [1.0883911518283879e-07, 107031783642.3484, 49550481.2031072, 10884084.273864713,
    1.0664718734703754e-21, 2.0201617637603596e-18, 5.632349924529987e-07, 7.635351014155563e-07]
  mean_log10: [-6.9632149975131234, 11.02951276283268, 7.69504787643662, 7.036791895799077,
    -20.972050593902022, -17.69461385317928, -6.249310371342581, -6.117170992660384]
  proposal_std: 0.1
  surrogate_is_updated: true
  time_limit: 14400
  type: MH
- N samples [a, r, pr, all]: [2862, 14146, 229016, 246024]
  SD: [7.609268072721553e-07, 104819126119.76134, 47471737.43034835, 8755742.59685337,
    1.2455476134454259e-20, 7.077275156277887e-18, 5.7522625822789e-07, 1.1210513758103347e-06]
  SD_log10: [0.682368358769646, 0.40215866416145946, 0.3392143665111463, 0.42241693564322447,
    1.0131847195058885, 0.7171362643381093, 0.3922915258470597, 0.5426648260268764]
  acceptance ratio [a/r, a/all]: [0.20231867665771242, 0.011633011413520631]
  accepted,rejected,pre-rejected,sum,seed:
  - [112, 677, 8850, 9639, 3]
  - [176, 752, 9435, 10363, 1003]
  - [137, 607, 7955, 8699, 10003]
  - [121, 1036, 28843, 30000, 11003]
  - [157, 892, 14362, 15411, 12003]
  - [194, 733, 10662, 11589, 13003]
  - [125, 645, 7608, 8378, 14003]
  - [146, 758, 13510, 14414, 15003]
  - [186, 713, 8717, 9616, 16003]
  - [182, 650, 9965, 10797, 17003]
  - [73, 606, 4456, 5135, 18003]
  - [147, 653, 11658, 12458, 2003]
  - [148, 712, 11319, 12179, 3003]
  - [160, 655, 9968, 10783, 4003]
  - [138, 904, 13758, 14800, 5003]
  - [102, 634, 6733, 7469, 6003]
  - [122, 675, 6630, 7427, 7003]
  - [242, 723, 15902, 16867, 8003]
  - [194, 1121, 28685, 30000, 9003]
  corr:
  - [1.0, -0.13895020540686234, 0.6800913621137006, 0.1222283713569562, -0.09326670112716776,
    -0.05495325527215287, 0.16849706042050192, 0.06188570161599355]
  - [-0.13895020540686231, 1.0, 0.323036749267787, 0.30455138699597756, -0.12039315966813498,
    -0.0768821677595504, 0.0410603853325413, 0.02730198077679457]
  - [0.6800913621137006, 0.323036749267787, 1.0, 0.5801967081203623, -0.1361090207711763,
    -0.07619151725337722, 0.1913282966940705, 0.12017733114768947]
  - [0.12222837135695619, 0.3045513869959776, 0.5801967081203623, 1.0, -0.09234254062134027,
    0.018463638840901977, 0.04315079298951574, 0.2716550417255342]
  - [-0.09326670112716776, -0.12039315966813498, -0.1361090207711763, -0.09234254062134029,
    1.0, 0.026838369795546446, -0.03352310270076885, -0.09055023598365572]
  - [-0.054953255272152876, -0.0768821677595504, -0.07619151725337722, 0.018463638840901974,
    0.026838369795546446, 1.0, 0.04966646335966653, 0.10865729791587736]
  - [0.16849706042050192, 0.0410603853325413, 0.1913282966940705, 0.04315079298951574,
    -0.03352310270076885, 0.04966646335966653, 0.9999999999999998, 0.08052828734563354]
  - [0.06188570161599354, 0.02730198077679457, 0.12017733114768946, 0.2716550417255341,
    -0.09055023598365572, 0.10865729791587736, 0.08052828734563355, 0.9999999999999998]
  corr_log10:
  - [1.0, -0.1721235466092193, 0.7776559144331567, 0.29181478041452014, -0.3735788518532298,
    -0.17151959805101127, 0.3246995901876902, 0.24975674569498546]
  - [-0.1721235466092193, 1.0, 0.3942274587304237, 0.2263492633173783, -0.30448339425433363,
    -0.21993728491218328, 0.2763778523845976, 0.08162582845869946]
  - [0.7776559144331568, 0.39422745873042364, 1.0, 0.5900503558459422, -0.44241751950339603,
    -0.21778886854926577, 0.41206155051248905, 0.21443771130786343]
  - [0.29181478041452014, 0.2263492633173783, 0.5900503558459422, 1.0, -0.2058674635106962,
    0.14820612183263202, 0.22483004643469628, 0.13787797595825377]
  - [-0.37357885185322975, -0.30448339425433363, -0.44241751950339603, -0.20586746351069618,
    1.0, 0.21886606719938545, -0.1506964162033747, -0.14801542275120166]
  - [-0.17151959805101127, -0.21993728491218328, -0.2177888685492658, 0.148206121832632,
    0.21886606719938545, 0.9999999999999999, 0.24641262949183454, -0.06178842404587458]
  - [0.32469959018769023, 0.2763778523845976, 0.412061550512489, 0.22483004643469628,
    -0.1506964162033747, 0.24641262949183454, 1.0, 0.222210311715223]
  - [0.24975674569498546, 0.08162582845869945, 0.21443771130786343, 0.13787797595825374,
    -0.14801542275120166, -0.06178842404587459, 0.222210311715223, 0.9999999999999998]
  cov:
  - [5.790119593212548e-13, -11082.669376797936, 24.566712043792386, 0.814347298867001,
    -8.839579364751022e-28, -2.959403303460857e-25, 7.375231908721498e-14, 5.279107242978644e-14]
  - [-11082.669376797936, 1.0987093855688072e+22, 1.6074199640645138e+18, 2.7950904547714282e+17,
    -1.571825920031659e-10, -5.7034022250385044e-08, 2475.7342405911295, 3208.203973033501]
  - [24.566712043792386, 1.6074199640645138e+18, 2253575013928213.0, 241159923813431.2,
    -8.047928983010572e-14, -2.5598209839661816e-11, 5.2246210987756525, 6.395654035571205]
  - [0.814347298867001, 2.7950904547714282e+17, 241159923813431.2, 76663340007471.34,
    -1.0070636115207713e-14, 1.1441372572705477e-12, 0.21733127841751587, 2.666478193516328]
  - [-8.839579364751022e-28, -1.571825920031659e-10, -8.047928983010572e-14, -1.0070636115207713e-14,
    1.5513951627417445e-40, 2.3658342373258815e-39, -2.401845176980286e-28, -1.2643787888293459e-27]
  - [-2.959403303460857e-25, -5.7034022250385044e-08, -2.5598209839661816e-11, 1.1441372572705477e-12,
    2.3658342373258815e-39, 5.008802721196431e-35, 2.0219470794380527e-25, 8.620893157844989e-25]
  - [7.375231908721498e-14, 2475.7342405911295, 5.2246210987756525, 0.21733127841751587,
    -2.401845176980286e-28, 2.0219470794380527e-25, 3.3088659298717587e-13, 5.192953653442376e-14]
  - [5.279107242978644e-14, 3208.203973033501, 6.395654035571205, 2.666478193516328,
    -1.2643787888293459e-27, 8.620893157844989e-25, 5.192953653442376e-14, 1.2567612950995061e-12]
  cov_log10:
  - [0.4656284695180052, -0.047234395471799855, 0.1800040855279701, 0.08411418716139121,
    -0.2582804651900836, -0.08393364437616205, 0.08691831787751898, 0.09248462614859128]
  - [-0.047234395471799855, 0.1617322484933831, 0.053779938664906386, 0.03845205916191076,
    -0.12406561661331207, -0.06343073427078778, 0.04360249684046394, 0.01781387783638819]
  - [0.1800040855279701, 0.053779938664906386, 0.11506685411721265, 0.08454859612159,
    -0.15205368519515297, -0.052980172221830595, 0.054833633073674934, 0.03947379111338685]
  - [0.08411418716139121, 0.03845205916191076, 0.08454859612159, 0.17843679274426805,
    -0.08810882948808134, 0.04489633754063419, 0.03725686977071651, 0.03160600896602536]
  - [-0.2582804651900836, -0.12406561661331207, -0.15205368519515297, -0.08810882948808134,
    1.0265474480679928, 0.15902687146053493, -0.05989661059292469, -0.0813821275089083]
  - [-0.08393364437616205, -0.06343073427078778, -0.052980172221830595, 0.04489633754063419,
    0.15902687146053493, 0.5142865118589988, 0.06932267927931937, -0.0240459666733921]
  - [0.08691831787751898, 0.04360249684046394, 0.054833633073674934, 0.03725686977071651,
    -0.05989661059292469, 0.06932267927931937, 0.1538932667243871, 0.04730494841527459]
  - [0.09248462614859128, 0.01781387783638819, 0.03947379111338685, 0.03160600896602536,
    -0.0813821275089083, -0.0240459666733921, 0.04730494841527459, 0.29448631029645245]
  length of chains: [9640, 10364, 8700, 30001, 15412, 11590, 8379, 14415, 9617, 10798,
    5136, 12459, 12180, 10784, 14801, 7470, 7428, 16868, 30001]
  max_samples: 30000
  mean: [3.9880473840991247e-07, 108881489035.565, 57910269.65652765, 8838354.63401335,
    2.690077784494634e-21, 2.457310475005305e-18, 4.0167341707984607e-07, 1.0214809913769763e-06]
  mean_log10: [-6.399239690247412, 11.036954051536823, 7.762755587210516, 6.946371423397937,
    -20.570235162046515, -17.609539968036394, -6.3961269091136055, -5.9907697106927165]
  proposal_std: 0.2
  surrogate_is_updated: true
  time_limit: 36000
  type: DAMH
