best_fit_L2:
  parameters: [1.1497279883230253e-07, 95729118437.12006, 49141898.428339794, 6612060.30132984,
    7.091623365961226e-22, 1.3846149806779508e-18, 2.658544849723279e-07, 9.147525629348575e-08]
  parameters_log: [-15.978570268454263, 25.284788357015724, 17.710222557366418, 15.704405857864804,
    -48.697957765953724, -41.12110956519083, -15.140316726826807, -16.207197324257848]
  parameters_log10: [-6.9394048962930475, 10.981044059543517, 7.691451929942732, 6.820336805639788,
    -21.149254337711312, -17.858670973901404, -6.575356008728385, -7.038696365042331]
estimated_distributions:
- {mu: 1.4042254373543844e-07, mu_log10: -6.971673386200072, name: storativity, sigma: 1.1379934677597994e-07,
  sigma_log10: 0.3243169842042782}
- {mu: 129702140083.20743, mu_log10: 10.98640199709139, name: young_modulus, sigma: 115585884900.80304,
  sigma_log10: 0.3298093403476592}
- {mu: 52206668.784454435, mu_log10: 7.684492598825995, name: init_stress_x, sigma: 21523711.9776247,
  sigma_log10: 0.16830739756135316}
- {mu: 7999059.204633236, mu_log10: 6.748318587677526, name: init_stress_y, sigma: 7555937.922872193,
  sigma_log10: 0.37181613584621526}
- {mu: 9.747878240870153e-22, mu_log10: -21.22799186733348, name: perm_kr, sigma: 1.1498589336503368e-21,
  sigma_log10: 0.4530195689682792}
- {mu: 2.037337095373999e-18, mu_log10: -18.134181352949927, name: perm_km, sigma: 4.646266012175338e-18,
  sigma_log10: 0.6004039043489178}
- {mu: 4.989405593349029e-07, mu_log10: -6.4912551466387, name: perm_beta, sigma: 1.0598783370277919e-06,
  sigma_log10: 0.30980985843155934}
- {mu: 3.1159532763844055e-07, mu_log10: -6.689842139646154, name: perm_gamma, sigma: 3.626664544612484e-07,
  sigma_log10: 0.3897379155982203}
mode: [1.2413718755534374e-07, 75240416553.28363, 40030011.93163138, 3127403.144264647,
  9.393545152409469e-22, 1.2567459646632316e-18, 2.75622644726494e-07, 2.9610712101039935e-07]
no chains: 38
no parameters: 8
samplers_list:
- N samples [a, r, pr, all]: [692, 6060, 0, 6752]
  SD: [7.504975188918744e-08, 49170277774.107124, 12198186.390059872, 5635111.449555167,
    6.975345258534142e-22, 3.529899875131887e-18, 1.2572324869729473e-06, 2.7619218792200847e-07]
  SD_log10: [0.261220824818, 0.23655046138839303, 0.11826955938695514, 0.27207605588623385,
    0.35193207940655635, 0.45734829048440434, 0.3519290240460841, 0.2572377171866656]
  acceptance ratio [a/r, a/all]: [0.11419141914191419, 0.10248815165876778]
  accepted,rejected,pre-rejected,sum,seed:
  - [42, 309, 0, 351, 2]
  - [45, 330, 0, 375, 1002]
  - [35, 299, 0, 334, 10002]
  - [39, 316, 0, 355, 11002]
  - [42, 341, 0, 383, 12002]
  - [36, 344, 0, 380, 13002]
  - [49, 310, 0, 359, 14002]
  - [29, 315, 0, 344, 15002]
  - [39, 328, 0, 367, 16002]
  - [38, 304, 0, 342, 17002]
  - [36, 284, 0, 320, 18002]
  - [39, 304, 0, 343, 2002]
  - [37, 330, 0, 367, 3002]
  - [27, 338, 0, 365, 4002]
  - [24, 326, 0, 350, 5002]
  - [43, 273, 0, 316, 6002]
  - [33, 321, 0, 354, 7002]
  - [17, 347, 0, 364, 8002]
  - [42, 341, 0, 383, 9002]
  corr:
  - [1.0, -0.6747199748681749, 0.09972071383152119, -0.21500130816999805, 0.09054181840664903,
    0.2672677805875644, 0.10634114023922085, -0.2900162058188867]
  - [-0.6747199748681749, 1.0, 0.13635004711437385, -0.013355346365112068, -0.19436956464080876,
    -0.25330380063492536, -0.04773884880779064, 0.06407668269368232]
  - [0.09972071383152119, 0.13635004711437382, 1.0, 0.500794440506338, 0.05111906718730372,
    0.03019879936375955, 0.24893122374965898, -0.6288962744200141]
  - [-0.21500130816999807, -0.013355346365112066, 0.500794440506338, 1.0, -0.09248254127328026,
    0.22438949746071038, 0.04242429436627652, -0.21128626588973853]
  - [0.09054181840664903, -0.19436956464080876, 0.05111906718730371, -0.09248254127328027,
    1.0, 0.13410156405819057, -0.006857774671660071, -0.08515236830723459]
  - [0.2672677805875644, -0.25330380063492536, 0.03019879936375955, 0.22438949746071035,
    0.13410156405819057, 0.9999999999999998, -0.10871886711968222, -0.1874632594800042]
  - [0.10634114023922085, -0.04773884880779064, 0.24893122374965898, 0.04242429436627651,
    -0.00685777467166007, -0.1087188671196822, 1.0, -0.18336852197254086]
  - [-0.2900162058188867, 0.06407668269368232, -0.628896274420014, -0.21128626588973853,
    -0.08515236830723458, -0.1874632594800042, -0.18336852197254086, 1.0]
  corr_log10:
  - [1.0, -0.7830487154270803, 0.21404237926642894, -0.21003619000896406, 0.15229069701602926,
    0.12301844338648603, 0.17504550120798618, -0.3984533742184371]
  - [-0.7830487154270803, 1.0, 0.308670018400743, 0.21722239448415706, -0.12332010979786891,
    -0.24440387794166799, 0.058710940624629726, 0.0002250637301631999]
  - [0.21404237926642894, 0.30867001840074293, 1.0, 0.5359048312972787, 0.16442480224009873,
    -0.05684984972596297, 0.24789301978349304, -0.6830960208472023]
  - [-0.21003619000896406, 0.21722239448415706, 0.5359048312972787, 1.0, 0.04010542574133369,
    0.07012277376395423, -0.06416611649074186, -0.17156978484419427]
  - [0.15229069701602926, -0.12332010979786891, 0.16442480224009873, 0.04010542574133369,
    1.0, 0.16580923738735864, 0.06997997732039803, -0.12439152603468677]
  - [0.12301844338648604, -0.24440387794166799, -0.05684984972596297, 0.07012277376395423,
    0.16580923738735864, 1.0, -0.048695792880869754, -0.08771345146971603]
  - [0.17504550120798618, 0.05871094062462972, 0.247893019783493, -0.06416611649074187,
    0.06997997732039803, -0.04869579288086976, 1.0, -0.29189546890817397]
  - [-0.398453374218437, 0.0002250637301631999, -0.6830960208472024, -0.17156978484419427,
    -0.12439152603468678, -0.08771345146971603, -0.29189546890817397, 1.0]
  cov:
  - [5.6332972328175516e-15, -2490.230999773618, 0.09130489255613783, -0.09094043308861814,
    4.7405455853186414e-30, 7.081453375413316e-26, 1.0035298921263092e-14, -6.012388879870383e-15]
  - [-2490.230999773618, 2.418073338423703e+21, 8.179323105392302e+16, -3701045910133235.0,
    -6.667465505047598e-12, -4.39714614114465e-08, -2951.578536746947, 870.318503757384]
  - [0.09130489255613783, 8.179323105392302e+16, 148817729899580.25, 34428762996092.047,
    4.3501881326059576e-16, 1.3005033459412805e-12, 3.818162246470928, -2.119092052366196]
  - [-0.09094043308861814, -3701045910133235.0, 34428762996092.047, 31759171518782.297,
    -3.635734142846468e-16, 4.464075876407552e-12, 0.3006054687083294, -0.3288889733473068]
  - [4.7405455853186414e-30, -6.667465505047598e-12, 4.3501881326059576e-16, -3.635734142846468e-16,
    4.8662628394732326e-43, 3.3023726885886796e-40, -6.01490343981845e-30, -1.640733236000303e-29]
  - [7.081453375413316e-26, -4.39714614114465e-08, 1.3005033459412805e-12, 4.464075876407552e-12,
    3.3023726885886796e-40, 1.2462033629656693e-35, -4.825552500522732e-25, -1.8279069596268522e-25]
  - [1.0035298921263092e-14, -2951.578536746947, 3.818162246470928, 0.3006054687083294,
    -6.01490343981845e-30, -4.825552500522732e-25, 1.5808670024487959e-12, -6.368188565750698e-14]
  - [-6.012388879870383e-15, 870.318503757384, -2.119092052366196, -0.3288889733473068,
    -1.640733236000303e-29, -1.8279069596268522e-25, -6.368188565750698e-14, 7.629339233896421e-14]
  cov_log10:
  - [0.06824639853858552, -0.04839322024473693, 0.006613703030812716, -0.014929882732088786,
    0.014002454544026934, 0.014699048707381323, 0.016094518197492233, -0.026778367492713173]
  - [-0.04839322024473693, 0.05596438608893808, 0.008636849884393496, 0.013982436785406286,
    -0.010267878071164832, -0.026444971128670423, 0.004888347465237175, 1.3697083520010331e-05]
  - [0.006613703030812716, 0.008636849884393496, 0.013989754805897425, 0.01724706180082125,
    0.006844840108451786, -0.0030754842343952084, 0.010319448953791867, -0.020785167387180253]
  - [-0.014929882732088786, 0.013982436785406286, 0.01724706180082125, 0.07403631451159809,
    0.003840753676381582, 0.008726912370487429, -0.006144906921916854, -0.012009638138006188]
  - [0.014002454544026934, -0.010267878071164832, 0.006844840108451786, 0.003840753676381582,
    0.1238744833734009, 0.02669185657711821, 0.008668658277906253, -0.011262853712181947]
  - [0.014699048707381323, -0.026444971128670423, -0.0030754842343952084, 0.008726912370487429,
    0.02669185657711821, 0.2091983550363091, -0.007838947067644523, -0.010320768877647865]
  - [0.016094518197492233, 0.004888347465237175, 0.010319448953791867, -0.006144906921916854,
    0.008668658277906253, -0.007838947067644523, 0.12387233250635124, -0.02642903040657068]
  - [-0.026778367492713173, 1.3697083520010331e-05, -0.020785167387180253, -0.012009638138006188,
    -0.011262853712181947, -0.010320768877647865, -0.02642903040657068, 0.06618101732998748]
  length of chains: [352, 376, 335, 356, 384, 381, 360, 345, 368, 343, 321, 344, 368,
    366, 351, 317, 355, 365, 384]
  max_samples: 10000
  mean: [1.197864678375455e-07, 97283421562.16373, 45417243.297020786, 8890722.513761727,
    8.966083604554434e-22, 2.529916611564276e-18, 6.301101201872629e-07, 4.301021492159989e-07]
  mean_log10: [-6.921592241007025, 10.9880388367995, 7.657220770191391, 6.948937055794678,
    -21.047397215857536, -17.59689379334368, -6.200583545133027, -6.366428387275444]
  proposal_std: 0.1
  surrogate_is_updated: true
  time_limit: 10800
  type: MH
- N samples [a, r, pr, all]: [2685, 14754, 438421, 455860]
  SD: [1.385253546995873e-07, 135115663740.04454, 23951063.123225503, 10119511.579294698,
    1.5153569735650993e-21, 8.705166312439193e-18, 2.233341161480962e-06, 3.582241549094781e-07]
  SD_log10: [0.35060694280301313, 0.3547859216478901, 0.1761683148983887, 0.42110326281980864,
    0.5071688212032067, 0.6963693788215727, 0.3969208377206554, 0.3992594905443416]
  acceptance ratio [a/r, a/all]: [0.18198454656364377, 0.0058899662176984165]
  accepted,rejected,pre-rejected,sum,seed:
  - [28, 823, 8583, 9434, 3]
  - [242, 588, 29170, 30000, 1003]
  - [140, 825, 19013, 19978, 10003]
  - [150, 819, 25072, 26041, 11003]
  - [33, 1015, 16262, 17310, 12003]
  - [196, 625, 29179, 30000, 13003]
  - [146, 828, 22381, 23355, 14003]
  - [165, 806, 23581, 24552, 15003]
  - [157, 427, 29416, 30000, 16003]
  - [216, 754, 26182, 27152, 17003]
  - [45, 845, 8832, 9722, 18003]
  - [145, 776, 25220, 26141, 2003]
  - [133, 871, 28937, 29941, 3003]
  - [195, 722, 29083, 30000, 4003]
  - [67, 955, 15746, 16768, 5003]
  - [174, 770, 22454, 23398, 6003]
  - [95, 895, 21078, 22068, 7003]
  - [175, 557, 29268, 30000, 8003]
  - [183, 853, 28964, 30000, 9003]
  corr:
  - [0.9999999999999998, -0.47590922361723725, 0.18802185811330535, 0.03233460607819341,
    0.562500624074348, 0.04638314022461188, 0.01857059610277807, -0.1556533547841369]
  - [-0.4759092236172372, 0.9999999999999999, 0.09693618635626124, -0.052680997517177496,
    -0.284995706520653, -0.10965457974698731, -0.03513193887447146, -0.10840563648297932]
  - [0.18802185811330535, 0.09693618635626124, 0.9999999999999999, 0.6627501744533373,
    0.27986795888121874, -0.06484308982080732, 0.09254009821780547, -0.5613937456830805]
  - [0.032334606078193405, -0.05268099751717749, 0.6627501744533373, 1.0, 0.20595592993961523,
    0.09920706396977733, 0.057363201671291705, -0.27811079926546045]
  - [0.562500624074348, -0.284995706520653, 0.27986795888121874, 0.20595592993961526,
    1.0, 0.12546680221138726, -0.05354991411083936, -0.22960574290128372]
  - [0.04638314022461188, -0.10965457974698731, -0.0648430898208073, 0.09920706396977733,
    0.12546680221138726, 1.0, -0.05132729516741953, 0.004545462559192965]
  - [0.01857059610277807, -0.03513193887447146, 0.09254009821780548, 0.0573632016712917,
    -0.05354991411083936, -0.05132729516741953, 0.9999999999999998, -0.07592285661402923]
  - [-0.1556533547841369, -0.10840563648297932, -0.5613937456830805, -0.27811079926546045,
    -0.22960574290128374, 0.004545462559192965, -0.07592285661402923, 1.0]
  corr_log10:
  - [1.0, -0.8626283963273694, 0.2177527402175045, -0.009381805018361358, 0.5814426368434334,
    0.14458076632453046, -0.025799430358113672, -0.29250033332069414]
  - [-0.8626283963273695, 1.0, 0.2228106168629083, 0.12370607672049526, -0.42014204974421643,
    -0.20887937055667097, 0.12642377926610493, -0.10609205939545528]
  - [0.2177527402175045, 0.22281061686290826, 1.0, 0.6381815206540493, 0.41856953531538527,
    -0.033467945231601945, 0.1153766905467734, -0.8261459557145612]
  - [-0.009381805018361358, 0.12370607672049526, 0.6381815206540493, 1.0, 0.1901012559440041,
    0.1631912920182178, -0.00015757214111375052, -0.4020322424969462]
  - [0.5814426368434336, -0.4201420497442165, 0.4185695353153852, 0.1901012559440041,
    0.9999999999999998, 0.16505511977119064, 0.026034105992554468, -0.4719720784861223]
  - [0.14458076632453046, -0.20887937055667094, -0.033467945231601945, 0.16319129201821783,
    0.16505511977119064, 1.0, 0.09122857813550606, 0.004780796943702716]
  - [-0.02579943035811367, 0.12642377926610493, 0.11537669054677341, -0.00015757214111375052,
    0.02603410599255447, 0.09122857813550606, 0.9999999999999999, -0.011462608199817918]
  - [-0.29250033332069414, -0.1060920593954553, -0.8261459557145612, -0.4020322424969462,
    -0.4719720784861224, 0.004780796943702716, -0.011462608199817918, 1.0]
  cov:
  - [1.9189315987647863e-14, -8907.586419427938, 0.6238258386362956, 0.04532703900561349,
    1.1807778128507122e-28, 5.593291377442851e-26, 5.745279194274707e-15, -7.724023310026727e-15]
  - [-8907.586419427938, 1.8256282634246435e+22, 3.137020644664527e+17, -7.203112422644479e+16,
    -5.83525609534325e-11, -1.289764737928697e-07, -10601.415115679461, -5247.028004301393]
  - [0.6238258386362956, 3.137020644664527e+17, 573654683081575.1, 160633140562574.47,
    1.0157664874788184e-14, -1.35196834097421e-11, 4.950063547775838, -4.816684327736942]
  - [0.04532703900561349, -7.203112422644479e+16, 160633140562574.47, 102404739234948.19,
    3.158273650734252e-15, 8.739370954622364e-12, 1.2964296578471362, -1.008168733184438]
  - [1.1807778128507122e-28, -5.83525609534325e-11, 1.0157664874788184e-14, 3.158273650734252e-15,
    2.2963117944414932e-42, 1.6550907310332834e-39, -1.8122985935110538e-28, -1.2463887426248754e-28]
  - [5.593291377442851e-26, -1.289764737928697e-07, -1.35196834097421e-11, 8.739370954622364e-12,
    1.6550907310332834e-39, 7.578008675566736e-35, -9.978872510987212e-25, 1.417460538122394e-26]
  - [5.745279194274707e-15, -10601.415115679461, 4.950063547775838, 1.2964296578471362,
    -1.8122985935110538e-28, -9.978872510987212e-25, 4.987823684681775e-12, -6.074120871086177e-14]
  - [-7.724023310026727e-15, -5247.028004301393, -4.816684327736942, -1.008168733184438,
    -1.2463887426248754e-28, 1.417460538122394e-26, -6.074120871086177e-14, 1.2832482664935228e-13]
  cov_log10:
  - [0.12292549798672525, -0.10730293297687177, 0.013449709174600111, -0.0013851489391588521,
    0.10339055975398649, 0.03529975186823787, -0.0035903391998125304, -0.04094520766447207]
  - [-0.10730293297687177, 0.12587332631084225, 0.013926148182382175, 0.018481915101578306,
    -0.0755989959627771, -0.051606279085306406, 0.01780327904399989, -0.015028147841066552]
  - [0.013449709174600111, 0.013926148182382175, 0.03103534325215416, 0.04734363327996676,
    0.03739804636943365, -0.0041057969548641245, 0.008067718376375233, -0.05810864952161904]
  - [-0.0013851489391588521, 0.018481915101578306, 0.04734363327996676, 0.17732834693871483,
    0.040600098963750206, 0.04785487715853084, -2.6337399700350636e-05, -0.06759361780541294]
  - [0.10339055975398649, -0.0755989959627771, 0.03739804636943365, 0.040600098963750206,
    0.25722077743112426, 0.05829377299914751, 0.005240829940540631, -0.09557076332039632]
  - [0.03529975186823787, -0.051606279085306406, -0.0041057969548641245, 0.04785487715853084,
    0.05829377299914751, 0.484931375488826, 0.025215955179084894, 0.0013292178503866551]
  - [-0.0035903391998125304, 0.01780327904399989, 0.008067718376375233, -2.6337399700350636e-05,
    0.005240829940540631, 0.025215955179084894, 0.15754649700528797, -0.0018165340728883278]
  - [-0.04094520766447207, -0.015028147841066552, -0.05810864952161904, -0.06759361780541294,
    -0.09557076332039632, 0.0013292178503866551, -0.0018165340728883278, 0.15940849046264924]
  length of chains: [9435, 30001, 19979, 26042, 17311, 30001, 23356, 24553, 30001,
    27153, 9723, 26142, 29942, 30001, 16769, 23399, 22069, 30001, 30001]
  max_samples: 30000
  mean: [1.5577440433351804e-07, 132706926277.36243, 56001183.29866518, 9753617.049131451,
    1.1131052830093409e-21, 3.274190384065242e-18, 7.855133996772602e-07, 3.1087499768041664e-07]
  mean_log10: [-6.80750390077075, 11.122893590276183, 7.748197203696403, 6.989165700126375,
    -20.95346375599994, -17.48489607130616, -6.104846402150096, -6.5074142049624815]
  proposal_std: 0.2
  surrogate_is_updated: true
  time_limit: 28800
  type: DAMH
