best_fit_L2:
  parameters: [1.250443498578031e-07, 34727035530.616264, 49690963.56785845, 16303664.557766346,
    2.3514957996638007e-22, 4.0905278005051314e-18, 2.1227481971705962e-07, 1.4114174991319474e-06]
  parameters_log: [-15.894597363707918, 24.270784342461077, 17.721333654975485, 16.606900460003743,
    -49.80182040970459, -40.03785766558563, -15.3653840823509, -13.470916040035153]
  parameters_log10: [-6.902935927132322, 10.54066771139469, 7.696277418322238, 7.2122852312962005,
    -21.62865579267145, -17.388220651391652, -6.673101519289057, -5.850344502369271]
estimated_distributions:
- {mu: 1.4312626029815292e-07, mu_log10: -7.019815864898537, name: storativity, sigma: 1.1251634545405284e-07,
  sigma_log10: 0.41382790414503184}
- {mu: 71378017002.0776, mu_log10: 10.728709453838256, name: young_modulus, sigma: 47589786680.31666,
  sigma_log10: 0.3471768457063}
- {mu: 45569183.09711524, mu_log10: 7.6533637965761185, name: init_stress_x, sigma: 6768083.884056212,
  sigma_log10: 0.06982086691727057}
- {mu: 8978973.917865451, mu_log10: 6.8768070772334795, name: init_stress_y, sigma: 4748068.575875658,
  sigma_log10: 0.2793238236365067}
- {mu: 4.343393134243782e-22, mu_log10: -21.493823826939785, name: perm_kr, sigma: 3.3626589815249762e-22,
  sigma_log10: 0.33930746015209357}
- {mu: 1.793430340514598e-18, mu_log10: -17.855734779212302, name: perm_km, sigma: 8.819110395187448e-19,
  sigma_log10: 0.39211991451144523}
- {mu: 5.099203451168002e-07, mu_log10: -6.3659619914078585, name: perm_beta, sigma: 3.0383013206991266e-07,
  sigma_log10: 0.2493359853079322}
- {mu: 7.159101909292564e-07, mu_log10: -6.212368366379732, name: perm_gamma, sigma: 2.923393671876041e-07,
  sigma_log10: 0.2857904052871459}
mode: [5.8963388505146436e-08, 91158528113.81982, 45289336.75434311, 7845726.2594576115,
  1.879972916657359e-22, 1.2200275162209188e-18, 3.167262338833203e-07, 1.1320983198337596e-06]
no chains: 38
no parameters: 8
samplers_list:
- N samples [a, r, pr, all]: [289, 5983, 0, 6272]
  SD: [8.151005923517843e-08, 33428415285.132202, 6474983.215589689, 3624002.7433287255,
    2.757463995926521e-22, 2.6930613422488627e-18, 4.206154984302428e-07, 4.425827142932033e-07]
  SD_log10: [0.2680412553917294, 0.2375893747466225, 0.06568734683265864, 0.18946332049150108,
    0.2512319084119646, 0.44579921919411875, 0.26285382876277474, 0.2696405923274555]
  acceptance ratio [a/r, a/all]: [0.04830352665886679, 0.04607780612244898]
  accepted,rejected,pre-rejected,sum,seed:
  - [18, 306, 0, 324, 2]
  - [10, 317, 0, 327, 1002]
  - [19, 305, 0, 324, 10002]
  - [14, 314, 0, 328, 11002]
  - [14, 309, 0, 323, 12002]
  - [12, 324, 0, 336, 13002]
  - [24, 311, 0, 335, 14002]
  - [14, 331, 0, 345, 15002]
  - [21, 303, 0, 324, 16002]
  - [12, 290, 0, 302, 17002]
  - [15, 316, 0, 331, 18002]
  - [14, 325, 0, 339, 2002]
  - [15, 309, 0, 324, 3002]
  - [16, 335, 0, 351, 4002]
  - [11, 316, 0, 327, 5002]
  - [16, 311, 0, 327, 6002]
  - [15, 298, 0, 313, 7002]
  - [17, 321, 0, 338, 8002]
  - [12, 342, 0, 354, 9002]
  corr:
  - [1.0, -0.6437628825161594, 0.40704346603637886, -0.28062204327207513, 0.5615628052127905,
    -0.0034813341185770475, 0.23068126914819187, -0.3068096465264913]
  - [-0.6437628825161594, 0.9999999999999999, -0.03207898289355842, 0.005978850734422506,
    -0.45017424537815576, -0.06823515758326999, -0.167308152451053, 0.00581534171683738]
  - [0.4070434660363789, -0.03207898289355842, 1.0, 0.20174182026266532, -0.08613547210902722,
    -0.1875248077945988, 0.19652206634285702, 0.07106234193210802]
  - [-0.28062204327207513, 0.005978850734422506, 0.2017418202626653, 1.0, -0.24329169665092024,
    -0.04523760555580444, -0.053623300860776, 0.5399565205002874]
  - [0.5615628052127905, -0.45017424537815576, -0.08613547210902722, -0.24329169665092024,
    1.0, 0.14545653484695165, 0.24976132654066086, -0.3553400258779378]
  - [-0.0034813341185770475, -0.06823515758326999, -0.1875248077945988, -0.045237605555804444,
    0.14545653484695167, 1.0, -0.04907193999169781, -0.1995135676273142]
  - [0.23068126914819187, -0.167308152451053, 0.196522066342857, -0.053623300860776005,
    0.24976132654066083, -0.04907193999169781, 1.0, 0.17526326877671244]
  - [-0.3068096465264913, 0.005815341716837381, 0.07106234193210802, 0.5399565205002874,
    -0.3553400258779378, -0.1995135676273142, 0.17526326877671244, 1.0]
  corr_log10:
  - [0.9999999999999998, -0.821230192390839, 0.3671993034502809, -0.21246367134936714,
    0.6887202671094776, 0.10736056949471508, 0.15613751966087644, -0.30633249945442126]
  - [-0.821230192390839, 1.0, -0.08205041176445277, 0.08965379047590122, -0.6616409593601364,
    -0.09665292156888151, -0.12906487190850569, 0.17213518340257664]
  - [0.3671993034502809, -0.08205041176445275, 1.0, 0.18300718868256485, -0.17685725315394984,
    -0.12333069748373031, 0.04119836565681575, -0.07812260276109904]
  - [-0.21246367134936717, 0.08965379047590122, 0.18300718868256488, 1.0, -0.2589586829151514,
    -0.11975341594040774, -0.18642622992429786, 0.4692536086555632]
  - [0.6887202671094776, -0.6616409593601364, -0.17685725315394984, -0.2589586829151514,
    0.9999999999999998, 0.2264025511603756, 0.24553590917800233, -0.3692686433339901]
  - [0.10736056949471509, -0.09665292156888151, -0.12333069748373032, -0.11975341594040774,
    0.2264025511603756, 1.0, 0.16978134574987144, -0.09795652150764514]
  - [0.15613751966087644, -0.12906487190850569, 0.04119836565681575, -0.18642622992429783,
    0.24553590917800236, 0.16978134574987144, 1.0, -0.09621958100072753]
  - [-0.30633249945442126, 0.17213518340257664, -0.07812260276109904, 0.4692536086555632,
    -0.3692686433339901, -0.09795652150764514, -0.09621958100072754, 1.0]
  cov:
  - [6.644946018804763e-15, -1754.373142808041, 0.21486203425635705, -0.08290687559391385,
    1.2623751415540233e-29, -7.643146794085396e-28, 7.910024919986255e-15, -1.1069900230398215e-14]
  - [-1754.373142808041, 1.1176366049058787e+21, -6944549302174793.0, 724421043389124.9,
    -4.15026018841628e-12, -6.1438311742060595e-09, -2352.811872966204, 86.05072148651779]
  - [0.21486203425635705, -6944549302174793.0, 41932073048789.086, 4734696435723.262,
    -1.5381531376764865e-16, -3.2704887650098843e-12, 0.5353086728818277, 0.20367684106454728]
  - [-0.08290687559391385, 724421043389124.9, 4734696435723.262, 13135483863921.621,
    -2.4316143358550917e-16, -4.415739173640459e-13, -0.08175162098984971, 0.8661852729434986]
  - [1.2623751415540233e-29, -4.15026018841628e-12, -1.5381531376764865e-16, -2.4316143358550917e-16,
    7.604816529481187e-44, 1.0803348188648644e-40, 2.8972725636978724e-29, -4.337280082533061e-29]
  - [-7.643146794085396e-28, -6.1438311742060595e-09, -3.2704887650098843e-12, -4.415739173640459e-13,
    1.0803348188648644e-40, 7.253732426405248e-36, -5.55947503343743e-26, -2.3783850596294434e-25]
  - [7.910024919986255e-15, -2352.811872966204, 0.5353086728818277, -0.08175162098984971,
    2.8972725636978724e-29, -5.55947503343743e-26, 1.7694552429197627e-13, 3.263169747905124e-14]
  - [-1.1069900230398215e-14, 86.05072148651779, 0.20367684106454728, 0.8661852729434986,
    -4.337280082533061e-29, -2.3783850596294434e-25, 3.263169747905124e-14, 1.9591060039955554e-13]
  cov_log10:
  - [0.07185753686774465, -0.052307336405135005, 0.0064662762204862195, -0.010791467551693643,
    0.04638615166770599, 0.012830831246676545, 0.011002522528889948, -0.022143640903414752]
  - [-0.052307336405135005, 0.05645768535035914, -0.0012807328231324137, 0.00403635963648118,
    -0.03949964881571177, -0.010238830277099755, -0.00806154748534864, 0.011029376788449277]
  - [0.0064662762204862195, -0.0012807328231324137, 0.0043155135160338025, 0.002277949302824481,
    -0.0029190963730013064, -0.00361211236276147, 0.0007114511008442577, -0.0013839255804975648]
  - [-0.010791467551693643, 0.00403635963648118, 0.002277949302824481, 0.035902056703526544,
    -0.012328193973721376, -0.010116292968062698, -0.00928571838792899, 0.023976571275507157]
  - [0.04638615166770599, -0.03949964881571177, -0.0029190963730013064, -0.012328193973721376,
    0.06312750637852958, 0.02536088804471895, 0.016217098717024574, -0.025019091788482745]
  - [0.012830831246676545, -0.010238830277099755, -0.00361211236276147, -0.010116292968062698,
    0.02536088804471895, 0.1987685395326262, 0.019898146418687767, -0.011776791070665758]
  - [0.011002522528889948, -0.00806154748534864, 0.0007114511008442577, -0.00928571838792899,
    0.016217098717024574, 0.019898146418687767, 0.06910311973647326, -0.006820749204092439]
  - [-0.022143640903414752, 0.011029376788449277, -0.0013839255804975648, 0.023976571275507157,
    -0.025019091788482745, -0.011776791070665758, -0.006820749204092439, 0.07271760802100996]
  length of chains: [325, 328, 325, 329, 324, 337, 336, 346, 325, 303, 332, 340, 325,
    352, 328, 328, 314, 339, 355]
  max_samples: 10000
  mean: [1.232426119345297e-07, 59971782641.06596, 43698190.437488504, 8659413.363237439,
    4.557353301538852e-22, 2.2573340662182527e-18, 5.17777266808367e-07, 7.232485862539622e-07]
  mean_log10: [-6.909239106064827, 10.777946958287034, 7.640463453005088, 6.937488471493266,
    -21.3412873021261, -17.64640416428107, -6.28585702133339, -6.1407124066017955]
  proposal_std: 0.1
  surrogate_is_updated: true
  time_limit: 10800
  type: MH
- N samples [a, r, pr, all]: [10, 14361, 351461, 365832]
  SD: [9.830457760428824e-08, 35954646889.07366, 5825869.957299921, 3499026.4741745503,
    2.901450555444864e-22, 4.096285322132135e-18, 4.629563868486836e-07, 6.092003699820922e-07]
  SD_log10: [0.313739990060336, 0.2692478481355425, 0.05958238851626406, 0.2006770770056589,
    0.2861980435523518, 0.4922949339653074, 0.287985477884364, 0.337274221594322]
  acceptance ratio [a/r, a/all]: [0.0006963303391128751, 2.7334951562465833e-05]
  accepted,rejected,pre-rejected,sum,seed:
  - [0, 801, 26672, 27473, 3]
  - [0, 838, 19534, 20372, 1003]
  - [0, 779, 29221, 30000, 10003]
  - [0, 857, 25495, 26352, 11003]
  - [0, 712, 29288, 30000, 12003]
  - [1, 854, 12417, 13272, 13003]
  - [0, 817, 13922, 14739, 14003]
  - [0, 869, 25392, 26261, 15003]
  - [4, 838, 12995, 13837, 16003]
  - [0, 775, 12250, 13025, 17003]
  - [0, 812, 10995, 11807, 18003]
  - [1, 848, 6592, 7441, 2003]
  - [0, 758, 7279, 8037, 3003]
  - [1, 347, 29652, 30000, 4003]
  - [0, 841, 16957, 17798, 5003]
  - [0, 843, 13400, 14243, 6003]
  - [1, 855, 9606, 10462, 7003]
  - [1, 22, 29977, 30000, 8003]
  - [1, 895, 19817, 20713, 9003]
  corr:
  - [1.0, -0.7893132506654769, 0.4600569856847929, -0.4083839227199137, 0.7775213566366244,
    -0.1819926922807141, 0.29984611735105154, -0.3330664136251455]
  - [-0.7893132506654769, 1.0, -0.11645868098509317, 0.16802566954764353, -0.7845135870819359,
    0.03399322742309907, -0.25175901182535415, 0.1189583555502852]
  - [0.460056985684793, -0.11645868098509317, 1.0, 0.20327456185090118, 0.041799187286291166,
    -0.3628905308599252, 0.2196003163876809, 0.1085394317015676]
  - [-0.4083839227199137, 0.1680256695476435, 0.2032745618509012, 1.0, -0.44959936751165586,
    -0.08636279747330657, -0.11793803677415722, 0.5497712105735304]
  - [0.7775213566366245, -0.7845135870819359, 0.041799187286291166, -0.44959936751165586,
    0.9999999999999999, 0.061626347836473694, 0.3841133639289258, -0.43429096039287457]
  - [-0.1819926922807141, 0.03399322742309907, -0.3628905308599251, -0.08636279747330657,
    0.061626347836473694, 1.0, -0.12344343537397548, -0.3550693444507958]
  - [0.29984611735105154, -0.25175901182535415, 0.2196003163876809, -0.11793803677415722,
    0.38411336392892576, -0.12344343537397548, 1.0, 0.363863828798949]
  - [-0.3330664136251455, 0.1189583555502852, 0.1085394317015676, 0.5497712105735304,
    -0.43429096039287457, -0.3550693444507958, 0.363863828798949, 1.0]
  corr_log10:
  - [1.0, -0.9522081283988971, 0.42669870809997484, -0.41410615689865077, 0.8375735789099218,
    -0.09661854751107427, 0.3196712937090603, -0.35203073884951336]
  - [-0.9522081283988971, 1.0, -0.22207001004376936, 0.29317657581639117, -0.9000809663402323,
    0.08705700039131768, -0.28108494936680656, 0.27437956332886326]
  - [0.42669870809997484, -0.22207001004376936, 1.0, 0.1578276936540339, -0.057013313446418155,
    -0.20015331915681117, 0.11390845119550053, -0.030878117946626826]
  - [-0.4141061568986507, 0.29317657581639117, 0.1578276936540339, 1.0, -0.4835525447992967,
    -0.10024403589356128, -0.3159036276250065, 0.42370301133188004]
  - [0.8375735789099218, -0.9000809663402323, -0.05701331344641815, -0.48355254479929677,
    1.0, 0.14042171095510816, 0.36712859830882255, -0.4856938190444745]
  - [-0.09661854751107427, 0.08705700039131768, -0.20015331915681117, -0.10024403589356128,
    0.14042171095510816, 1.0, 0.1412270010032607, -0.28051984617704145]
  - [0.3196712937090603, -0.28108494936680656, 0.11390845119550053, -0.3159036276250065,
    0.36712859830882255, 0.14122700100326072, 1.0, -0.06781323481622152]
  - [-0.35203073884951336, 0.27437956332886326, -0.030878117946626826, 0.42370301133188,
    -0.4856938190444745, -0.28051984617704145, -0.06781323481622152, 1.0]
  cov:
  - [9.663816392578631e-15, -2789.8403422362862, 0.2634798116889398, -0.14047233236570822,
    2.2176981257060898e-29, -7.328567251466618e-26, 1.364625360557086e-14, -1.9946464466545856e-14]
  - [-2789.8403422362862, 1.2927401664323075e+21, -2.439432852060621e+16, 2.113873907364442e+16,
    -8.184117549556072e-12, 5.006552954901604e-09, -4190.649322294126, 2605.621477666487]
  - [0.2634798116889398, -2.439432852060621e+16, 33940853531770.684, 4143737497608.3066,
    7.065533910406183e-17, -8.660197744137572e-12, 0.5922908380466024, 0.38522075234839626]
  - [-0.14047233236570822, 2.113873907364442e+16, 4143737497608.3066, 12243219732022.969,
    -4.564458692329504e-16, -1.237842291320949e-12, -0.1910479533485302, 1.171900036245694]
  - [2.2176981257060898e-29, -8.184117549556072e-12, 7.065533910406183e-17, -4.564458692329504e-16,
    8.418438336258099e-44, 7.324415808268571e-41, 5.159597910951627e-29, -7.676394918706759e-29]
  - [-7.328567251466618e-26, 5.006552954901604e-09, -8.660197744137572e-12, -1.237842291320949e-12,
    7.324415808268571e-41, 1.6779599304921193e-35, -2.3409894998813167e-25, -8.860632476213222e-25]
  - [1.364625360557086e-14, -4190.649322294126, 0.5922908380466024, -0.1910479533485302,
    5.159597910951627e-29, -2.3409894998813167e-25, 2.1432920196253195e-13, 1.0262196128619178e-13]
  - [-1.9946464466545856e-14, 2605.621477666487, 0.38522075234839626, 1.171900036245694,
    -7.676394918706759e-29, -8.860632476213222e-25, 1.0262196128619178e-13, 3.7112610520322104e-13]
  cov_log10:
  - [0.09843305041536077, -0.08043687523508798, 0.00797646203696285, -0.026072370544401816,
    0.07520742084585244, -0.014923027404128325, 0.028883199002864686, -0.03725073114171873]
  - [-0.08043687523508798, 0.07249460187907208, -0.003562552305583338, 0.015840922268682327,
    -0.06935881533358908, 0.011539380496912749, -0.02179523763331507, 0.024916574588213856]
  - [0.00797646203696285, -0.003562552305583338, 0.003550070724913938, 0.001887122414100934,
    -0.0009722143754698363, -0.005870934825445303, 0.0019545448089646994, -0.0006205161175815162]
  - [-0.026072370544401816, 0.015840922268682327, 0.001887122414100934, 0.040271399311400585,
    -0.02777213626661186, -0.00990336677593125, -0.01825677886114754, 0.028677656135342372]
  - [0.07520742084585244, -0.06935881533358908, -0.0009722143754698363, -0.02777213626661186,
    0.08190954402090901, 0.01978460913033124, 0.030259144980271078, -0.046882803417507]
  - [-0.014923027404128325, 0.011539380496912749, -0.005870934825445303, -0.00990336677593125,
    0.01978460913033124, 0.2423549644499891, 0.020022342167475105, -0.04657719111601067]
  - [0.028883199002864686, -0.02179523763331507, 0.0019545448089646994, -0.01825677886114754,
    0.030259144980271078, 0.020022342167475105, 0.08293586216531545, -0.006586722783101819]
  - [-0.03725073114171873, 0.024916574588213856, -0.0006205161175815162, 0.028677656135342372,
    -0.046882803417507, -0.04657719111601067, -0.006586722783101819, 0.11375421148252854]
  length of chains: [27474, 20373, 30001, 26353, 30001, 13273, 14740, 26262, 13838,
    13026, 11808, 7442, 8038, 30001, 17799, 14244, 10463, 30001, 20714]
  max_samples: 30000
  mean: [1.3222380022372292e-07, 60860555785.944084, 44346494.04582393, 8018469.082666067,
    4.476047994432133e-22, 3.3807942083621194e-18, 5.750803750226125e-07, 8.076075391983256e-07]
  mean_log10: [-6.8786903650053715, 10.784335914069905, 7.646859290983111, 6.9040914590053575,
    -21.349105265395412, -17.470981264280915, -6.240271452720154, -6.092799635472643]
  proposal_std: 0.2
  surrogate_is_updated: true
  time_limit: 28800
  type: DAMH
