best_fit_L2:
  parameters: [9.568951124637997e-08, 47792905925.286415, 50854072.332295015, 14655817.334084818,
    2.537861597699433e-22, 1.7976520975892053e-18, 3.493768250289216e-07, 6.860785228350502e-07]
  parameters_log: [-16.162157144845366, 24.590143053824843, 17.744470762449737, 16.500347902259755,
    -49.725550210097055, -40.86005025067636, -14.867114769354314, -14.192273750996993]
  parameters_log10: [-7.019135663659558, 10.679363437487707, 7.706325736425509, 7.166010043435309,
    -21.595532065848236, -17.745294354158325, -6.456705906152916, -6.16362617571836]
estimated_distributions:
- {mu: 8.445363034529526e-08, mu_log10: -7.082836083693339, name: storativity, sigma: 1.772779056809744e-08,
  sigma_log10: 0.09069778852394485}
- {mu: 52411762822.34542, mu_log10: 10.711424549023578, name: young_modulus, sigma: 10037708933.365881,
  sigma_log10: 0.08401638456316045}
- {mu: 42235329.95509947, mu_log10: 7.622478558221227, name: init_stress_x, sigma: 5073978.865142819,
  sigma_log10: 0.053024286853655095}
- {mu: 9968036.573800921, mu_log10: 6.990884599822777, name: init_stress_y, sigma: 1854691.9659974223,
  sigma_log10: 0.08302835089174518}
- {mu: 3.6161485242575913e-22, mu_log10: -21.456810001772883, name: perm_kr, sigma: 9.92361256376675e-23,
  sigma_log10: 0.11308968634337979}
- {mu: 1.6275471092463275e-18, mu_log10: -17.8195713164933, name: perm_km, sigma: 6.329055380412981e-19,
  sigma_log10: 0.16479916815926288}
- {mu: 3.6926240781500484e-07, mu_log10: -6.440737099087659, name: perm_beta, sigma: 7.156942489491903e-08,
  sigma_log10: 0.08374784243679699}
- {mu: 5.34551802115602e-07, mu_log10: -6.287003071986613, name: perm_gamma, sigma: 1.438058859365869e-07,
  sigma_log10: 0.11387673014467618}
mode: [9.435180270915777e-08, 53752210581.53066, 49672404.41568661, 11782584.66474064,
  2.7024810329685355e-22, 1.2806504906418089e-18, 3.655978221059216e-07, 4.3904131486628e-07]
no chains: 38
no parameters: 8
samplers_list:
- N samples [a, r, pr, all]: [3276, 3463, 0, 6739]
  SD: [1.8996947684254018e-08, 27124677744.858547, 4558067.483619567, 1640192.8401164557,
    2.792134963633018e-22, 4.1158812820320833e-19, 5.5298545877381445e-08, 1.046752414073454e-07]
  SD_log10: [0.08437351688634823, 0.14858823042695532, 0.04344696331010877, 0.07816059902749663,
    0.20096677332473975, 0.124644669477879, 0.06734036360627746, 0.0782791263460052]
  acceptance ratio [a/r, a/all]: [0.9460005775339301, 0.48612553791363705]
  accepted,rejected,pre-rejected,sum,seed:
  - [158, 206, 0, 364, 2]
  - [159, 193, 0, 352, 1002]
  - [159, 200, 0, 359, 10002]
  - [167, 181, 0, 348, 11002]
  - [152, 201, 0, 353, 12002]
  - [188, 166, 0, 354, 13002]
  - [174, 176, 0, 350, 14002]
  - [176, 181, 0, 357, 15002]
  - [175, 164, 0, 339, 16002]
  - [199, 163, 0, 362, 17002]
  - [189, 167, 0, 356, 18002]
  - [173, 190, 0, 363, 2002]
  - [166, 192, 0, 358, 3002]
  - [187, 171, 0, 358, 4002]
  - [152, 204, 0, 356, 5002]
  - [171, 178, 0, 349, 6002]
  - [184, 170, 0, 354, 7002]
  - [172, 176, 0, 348, 8002]
  - [175, 184, 0, 359, 9002]
  corr:
  - [0.9999999999999998, 0.4463806863291286, 0.39723438739654154, 0.38445654229982357,
    0.5372817571683887, -0.19512721512619163, -0.13982898629032237, -0.1715109805587202]
  - [0.4463806863291285, 1.0, 0.4004379055447459, 0.37296572858281707, 0.8383738103355349,
    -0.03337688341341187, 0.08276461460287768, 0.1016491296870441]
  - [0.39723438739654154, 0.4004379055447459, 0.9999999999999998, 0.32440739760461074,
    0.40268884487682466, -0.2121920074250741, -0.13273889100659306, -0.024195119115754813]
  - [0.3844565422998236, 0.372965728582817, 0.32440739760461074, 1.0, 0.42176086234512605,
    -0.30361342187587975, -0.24760767234738754, -0.15758077484646923]
  - [0.5372817571683887, 0.8383738103355349, 0.4026888448768247, 0.4217608623451261,
    1.0, -0.012313232844876449, 0.06016096583839717, -0.11563592106484487]
  - [-0.19512721512619163, -0.03337688341341187, -0.2121920074250741, -0.30361342187587975,
    -0.012313232844876449, 1.0, 0.010319382509176526, -0.0409261031911176]
  - [-0.13982898629032237, 0.08276461460287769, -0.13273889100659306, -0.24760767234738756,
    0.06016096583839717, 0.010319382509176528, 1.0, 0.08437426460296758]
  - [-0.1715109805587202, 0.1016491296870441, -0.02419511911575481, -0.15758077484646923,
    -0.11563592106484487, -0.04092610319111759, 0.08437426460296758, 0.9999999999999999]
  corr_log10:
  - [0.9999999999999999, 0.4350055787939885, 0.43429500019337614, 0.38162247235809094,
    0.5613112878545335, -0.12810273746553077, -0.11625899137836508, -0.1310291503032797]
  - [0.43500557879398855, 1.0, 0.35355060828891055, 0.35353102962326566, 0.7891345933830634,
    0.056399716248196334, 0.1233574887650109, 0.15476658068873114]
  - [0.4342950001933761, 0.3535506082889106, 1.0, 0.32023755707496493, 0.2642255068970191,
    -0.1829268283968017, -0.1269817815040058, 0.0031183600863727446]
  - [0.381622472358091, 0.35353102962326566, 0.3202375570749649, 1.0, 0.42697029236002143,
    -0.27931897270071554, -0.22901816224301189, -0.10206078035533125]
  - [0.5613112878545335, 0.7891345933830635, 0.2642255068970191, 0.42697029236002143,
    0.9999999999999999, 0.09429037343977172, 0.1032188465657813, -0.1269395707934975]
  - [-0.1281027374655308, 0.05639971624819634, -0.18292682839680166, -0.27931897270071554,
    0.0942903734397717, 1.0, 0.05573598958433395, 0.006782278548597802]
  - [-0.1162589913783651, 0.1233574887650109, -0.1269817815040058, -0.22901816224301189,
    0.1032188465657813, 0.05573598958433395, 1.0, 0.02592817902988494]
  - [-0.13102915030327966, 0.15476658068873111, 0.003118360086372744, -0.10206078035533125,
    -0.1269395707934975, 0.006782278548597803, 0.025928179029884937, 1.0]
  cov:
  - [3.609374302307163e-16, 230.0477966740056, 0.03440136562482371, 0.011980922604629731,
    2.850273906837259e-30, -1.5259095148125854e-27, -1.4691259017530218e-16, -3.4110178828135996e-16]
  - [230.0477966740056, 7.35857029567626e+20, 4.9515912598709544e+16, 1.6595589901200566e+16,
    6.3504275523107725e-12, -3.726811929747422e-10, 124.16158962037437, 288.6532764808493]
  - [0.03440136562482371, 4.9515912598709544e+16, 20779053919458.965, 2425664208476.856,
    5.125674523856839e-16, -3.981409792026356e-13, -0.03346238683711973, -0.01154560658709338]
  - [0.011980922604629731, 1.6595589901200566e+16, 2425664208476.856, 2690630692854.068,
    1.931798674758254e-16, -2.0499486688142457e-13, -0.022461408645564274, -0.027058666069159944]
  - [2.850273906837259e-30, 6.3504275523107725e-12, 5.125674523856839e-16, 1.931798674758254e-16,
    7.797171424219175e-44, -1.4152579630346136e-42, 9.290288199603788e-31, -3.380161187175334e-30]
  - [-1.5259095148125854e-27, -3.726811929747422e-10, -3.981409792026356e-13, -2.0499486688142457e-13,
    -1.4152579630346136e-42, 1.6942985828378137e-37, 2.3490622739290935e-28, -1.763483798848209e-27]
  - [-1.4691259017530218e-16, 124.16158962037437, -0.03346238683711973, -0.022461408645564274,
    9.290288199603788e-31, 2.3490622739290935e-28, 3.058381733378869e-15, 4.884633139389108e-16]
  - [-3.4110178828135996e-16, 288.6532764808493, -0.01154560658709338, -0.027058666069159944,
    -3.380161187175334e-30, -1.763483798848209e-27, 4.884633139389108e-16, 1.0958527727421957e-14]
  cov_log10:
  - [0.007119943909614889, 0.0054544335810420615, 0.001592262537421799, 0.002517052305038301,
    0.00951915625928951, -0.0013474186093073452, -0.0006606515044459912, -0.0008655343638032909]
  - [0.0054544335810420615, 0.022081729716192933, 0.0022827570625683913, 0.004106426901868353,
    0.023568070074597533, 0.0010447185556716183, 0.0012344959113111448, 0.0018004117423937227]
  - [0.001592262537421799, 0.0022827570625683913, 0.0018879179813288557, 0.0010876366636297227,
    0.0023073989734276818, -0.0009907744776114116, -0.00037156993673035304, 1.0607082059500134e-05]
  - [0.002517052305038301, 0.004106426901868353, 0.0010876366636297227, 0.006109983351516676,
    0.0067077067263032605, -0.002721612519863067, -0.0012055841513376108, -0.0006245353167773478]
  - [0.00951915625928951, 0.023568070074597533, 0.0023073989734276818, 0.0067077067263032605,
    0.0403936211366889, 0.0023622703243745165, 0.0013970855052302298, -0.0019972458326696593]
  - [-0.0013474186093073452, 0.0010447185556716183, -0.0009907744776114116, -0.002721612519863067,
    0.0023622703243745165, 0.015538592917932404, 0.00046789580582717665, 6.618499967959967e-05]
  - [-0.0006606515044459912, 0.0012344959113111448, -0.00037156993673035304, -0.0012055841513376108,
    0.0013970855052302298, 0.00046789580582717665, 0.004535395685701965, 0.00013669659987934233]
  - [-0.0008655343638032909, 0.0018004117423937227, 1.0607082059500134e-05, -0.0006245353167773478,
    -0.0019972458326696593, 6.618499967959967e-05, 0.00013669659987934233, 0.006128528476847054]
  length of chains: [365, 353, 360, 349, 354, 355, 351, 358, 340, 363, 357, 364, 359,
    359, 357, 350, 355, 349, 360]
  max_samples: 10000
  mean: [1.0134098184327947e-07, 75954219300.85545, 44589594.81536441, 10020219.120935276,
    5.619800126574503e-22, 1.3455353604506941e-18, 3.665858305633857e-07, 5.431462069297945e-07]
  mean_log10: [-6.994214892357833, 10.88055190417882, 7.649233525943442, 7.000877218734076,
    -21.250279130243996, -17.87110488456182, -6.435824325590549, -6.265083249019163]
  proposal_std: 0.01
  surrogate_is_updated: true
  time_limit: 10800
  type: MH
- N samples [a, r, pr, all]: [241, 16032, 66675, 82948]
  SD: [1.9555779298431822e-08, 10771383651.654688, 5748951.915883919, 2121365.6703310907,
    1.0948792066160834e-22, 7.051445610865023e-19, 7.587201474156954e-08, 1.6884143601321728e-07]
  SD_log10: [0.09456917592243357, 0.08862993576441841, 0.058774192040824874, 0.10341969590493694,
    0.12966390951713694, 0.1882280397522855, 0.0882047689891673, 0.12494257381019712]
  acceptance ratio [a/r, a/all]: [0.015032435129740519, 0.0029054347301924097]
  accepted,rejected,pre-rejected,sum,seed:
  - [2, 887, 3475, 4364, 3]
  - [0, 863, 2866, 3729, 1003]
  - [42, 821, 5621, 6484, 10003]
  - [9, 862, 2224, 3095, 11003]
  - [4, 851, 2545, 3400, 12003]
  - [4, 839, 1550, 2393, 13003]
  - [30, 833, 5244, 6107, 14003]
  - [6, 861, 1842, 2709, 15003]
  - [12, 754, 3130, 3896, 16003]
  - [7, 867, 3129, 4003, 17003]
  - [44, 813, 6032, 6889, 18003]
  - [6, 861, 1992, 2859, 2003]
  - [8, 870, 2255, 3133, 3003]
  - [7, 813, 3915, 4735, 4003]
  - [14, 853, 6050, 6917, 5003]
  - [5, 862, 2805, 3672, 6003]
  - [15, 824, 4123, 4962, 7003]
  - [19, 836, 5040, 5895, 8003]
  - [7, 862, 2837, 3706, 9003]
  corr:
  - [1.0, -0.49937906283691824, 0.5709472880098098, 0.06065910880965263, -0.0539328428366423,
    0.004731670569863402, -0.14436446274361683, 0.2597394610837131]
  - [-0.4993790628369182, 1.0, 0.26181303985734905, -0.29149745161621393, -0.6891659517122111,
    -0.06958514567350046, 0.16008716548618757, 0.1309113190658245]
  - [0.5709472880098098, 0.261813039857349, 0.9999999999999999, 0.2685511645255475,
    -0.7699518003374357, -0.2877543132351119, -0.15462671600823166, 0.18377915537808323]
  - [0.06065910880965263, -0.29149745161621393, 0.2685511645255475, 0.9999999999999998,
    -0.1059068197166497, -0.35277878961346437, -0.2382775906150078, -0.2684690158259851]
  - [-0.053932842836642306, -0.6891659517122111, -0.7699518003374357, -0.10590681971664971,
    1.0, 0.19325692473205877, 0.10710091008965603, -0.26704616379683194]
  - [0.004731670569863402, -0.06958514567350046, -0.28775431323511186, -0.3527787896134644,
    0.19325692473205877, 1.0, 0.20686418228968106, 0.2911124154854963]
  - [-0.14436446274361683, 0.1600871654861876, -0.1546267160082317, -0.23827759061500783,
    0.10710091008965604, 0.20686418228968104, 1.0, 0.2176292797064911]
  - [0.2597394610837131, 0.1309113190658245, 0.1837791553780832, -0.26846901582598515,
    -0.26704616379683194, 0.2911124154854963, 0.21762927970649107, 1.0]
  corr_log10:
  - [1.0, -0.49072732927692775, 0.5393800278301625, 0.05962689684085868, -0.0336094941033191,
    0.033343696842401786, -0.10003750748552319, 0.21852215121493967]
  - [-0.4907273292769277, 1.0, 0.3280847101336681, -0.29139029552558054, -0.7108354531605149,
    -0.10196505929165264, 0.08670278563519908, 0.056472686432091544]
  - [0.5393800278301625, 0.3280847101336681, 1.0, 0.25314593335931274, -0.7789323731733533,
    -0.27889414396002604, -0.14282442004812884, 0.17632434779997472]
  - [0.05962689684085867, -0.29139029552558054, 0.25314593335931274, 0.9999999999999999,
    -0.07171966388169253, -0.3735782559254233, -0.23672596358099848, -0.2545282382877817]
  - [-0.03360949410331911, -0.7108354531605149, -0.7789323731733534, -0.07171966388169253,
    1.0, 0.2602786775695638, 0.14168610243991214, -0.30507936305038424]
  - [0.033343696842401786, -0.10196505929165266, -0.278894143960026, -0.3735782559254234,
    0.26027867756956385, 1.0, 0.307533129536536, 0.3374891671117085]
  - [-0.1000375074855232, 0.08670278563519906, -0.14282442004812884, -0.23672596358099848,
    0.14168610243991214, 0.30753312953653605, 1.0, 0.14774329429189081]
  - [0.21852215121493967, 0.05647268643209154, 0.17632434779997475, -0.2545282382877817,
    -0.30507936305038424, 0.3374891671117085, 0.14774329429189081, 1.0]
  cov:
  - [3.824331134295983e-16, -105.19187264776392, 0.06418965662662483, 0.0025164709644554645,
    -1.154781672670853e-31, 6.524887418954029e-29, -2.1420138642694728e-16, 8.576248061751724e-16]
  - [-105.19187264776392, 1.1602410420790108e+20, 1.6212749731388164e+16, -6660809732378998.0,
    -8.12768287860908e-13, -5.28532174872248e-10, 130.83226528758956, 238.08551028927965]
  - [0.06418965662662483, 1.6212749731388164e+16, 33050846492504.145, 3275189908925.955,
    -4.846449118494932e-16, -1.166524631259317e-12, -0.06744659971659213, 0.17838946345536272]
  - [0.0025164709644554645, -6660809732378998.0, 3275189908925.955, 4500246548662.614,
    -2.4598629187375044e-17, -5.277173796790673e-13, -0.038351785501903254, -0.09615989467960599]
  - [-1.154781672670853e-31, -8.12768287860908e-13, -4.846449118494932e-16, -2.4598629187375044e-17,
    1.19877492589657e-44, 1.492054433219939e-41, 8.897053876557414e-31, -4.9367009898564055e-30]
  - [6.524887418954029e-29, -5.28532174872248e-10, -1.166524631259317e-12, -5.277173796790673e-13,
    1.492054433219939e-41, 4.972348451940419e-37, 1.1067519925317324e-26, 3.4659569176067575e-26]
  - [-2.1420138642694728e-16, 130.83226528758956, -0.06744659971659213, -0.038351785501903254,
    8.897053876557414e-31, 1.1067519925317324e-26, 5.756632005543032e-15, 2.7879386530425804e-15]
  - [8.576248061751724e-16, 238.08551028927965, 0.17838946345536272, -0.09615989467960599,
    -4.9367009898564055e-30, 3.4659569176067575e-26, 2.7879386530425804e-15, 2.8507774118782926e-14]
  cov_log10:
  - [0.008943436829753584, -0.00411315919631957, 0.0029980327189226223, 0.0005831768873957281,
    -0.0004121316108449621, 0.0005935439838469752, -0.000834468156307217, 0.002582026852664196]
  - [-0.00411315919631957, 0.007855360194143006, 0.0017090640071384534, -0.002670939245599241,
    -0.008169093396283853, -0.0017010667850811208, 0.0006778143935555011, 0.0006253664310218628]
  - [0.0029980327189226223, 0.0017090640071384534, 0.0034544472864524475, 0.0015387430832854649,
    -0.005936230665674026, -0.0030854294251424722, -0.0007404341456728093, 0.0012948356154740975]
  - [0.0005831768873957281, -0.002670939245599241, 0.0015387430832854649, 0.010695762416931763,
    -0.0009617580908215319, -0.0072723437784129865, -0.0021594663990869073, -0.0032889321238413877]
  - [-0.0004121316108449621, -0.008169093396283853, -0.005936230665674026, -0.0009617580908215319,
    0.01681293207727945, 0.0063525377925873405, 0.0016204799693119237, -0.004942510785019263]
  - [0.0005935439838469752, -0.0017010667850811208, -0.0030854294251424722, -0.0072723437784129865,
    0.0063525377925873405, 0.03543022198890803, 0.005105914388125083, 0.007937063216319888]
  - [-0.000834468156307217, 0.0006778143935555011, -0.0007404341456728093, -0.0021594663990869073,
    0.0016204799693119237, 0.005105914388125083, 0.007780175046763017, 0.0016282291590991704]
  - [0.002582026852664196, 0.0006253664310218628, 0.0012948356154740975, -0.0032889321238413877,
    -0.004942510785019263, 0.007937063216319888, 0.0016282291590991704, 0.015610834907466556]
  length of chains: [4365, 3730, 6485, 3096, 3401, 2394, 6108, 2710, 3897, 4004, 6890,
    2860, 3134, 4736, 6918, 3673, 4963, 5896, 3707]
  max_samples: 30000
  mean: [9.037103752062994e-08, 52102355478.15526, 43447688.99250574, 9571719.788031938,
    3.533324422050169e-22, 1.6667693891254042e-18, 3.741833204693663e-07, 5.783269013498817e-07]
  mean_log10: [-7.04397073169633, 10.716857357618933, 7.6379666810264695, 6.98098997616238,
    -21.451816484773566, -17.778124484130284, -6.426915575439863, -6.23782660566272]
  proposal_std: 0.05
  surrogate_is_updated: true
  time_limit: 28800
  type: DAMH
