best_fit_L2:
  parameters: [5.356926239226483e-07, 21407578435.88594, 48470403.14112025, 5036639.053852313,
    1.4094830768065836e-21, 3.4325986197726874e-19, 1.45997921069146e-07, 1.2216645663361174e-07]
  parameters_log: [-14.439705303199188, 23.78701082880213, 17.696463925119758, 15.432249563206879,
    -48.011063927897474, -42.51579917746039, -15.739673454591879, -15.91788132352303]
  parameters_log10: [-6.271084333488529, 10.330567543921662, 7.685476631879472, 6.702140828654616,
    -20.850940134190136, -18.46437697647786, -6.835653328288346, -6.913048022396882]
estimated_distributions:
- {mu: 1.7936718219795506e-07, mu_log10: -6.832594115646932, name: storativity, sigma: 1.374695469321042e-07,
  sigma_log10: 0.26535162291556835}
- {mu: 93040226913.68481, mu_log10: 10.865633297802587, name: young_modulus, sigma: 68000013752.078606,
  sigma_log10: 0.30964419439867646}
- {mu: 54646429.745205164, mu_log10: 7.7024786464003565, name: init_stress_x, sigma: 23821030.006179407,
  sigma_log10: 0.17173111162832536}
- {mu: 8215152.363007857, mu_log10: 6.774677271587378, name: init_stress_y, sigma: 7048355.524336174,
  sigma_log10: 0.3552201074915632}
- {mu: 9.395530831329851e-22, mu_log10: -21.182024456769895, name: perm_kr, sigma: 8.026304850849378e-22,
  sigma_log10: 0.39769391200942966}
- {mu: 2.4881669971780095e-18, mu_log10: -18.129821994652165, name: perm_km, sigma: 5.21542772230267e-18,
  sigma_log10: 0.7294384515762932}
- {mu: 3.735689580959836e-07, mu_log10: -6.548033467063287, name: perm_beta, sigma: 3.9020701312046674e-07,
  sigma_log10: 0.2936434572933209}
- {mu: 2.726866690222597e-07, mu_log10: -6.728418484436594, name: perm_gamma, sigma: 2.8002994840233517e-07,
  sigma_log10: 0.38039067451302855}
mode: [8.221980455920294e-08, 118904978505.6666, 49134162.77497167, 9665640.355139978,
  6.094334283861156e-22, 2.083976140294096e-18, 2.785183543493808e-07, 2.516660797652827e-07]
no chains: 38
no parameters: 8
samplers_list:
- N samples [a, r, pr, all]: [663, 6295, 0, 6958]
  SD: [8.401120756909389e-08, 57028747742.29399, 14854147.7297293, 4676052.64292365,
    6.264719959644398e-22, 5.17751103623889e-18, 3.956507225979229e-07, 1.8796893177813579e-07]
  SD_log10: [0.21812473574139912, 0.24955422423297557, 0.11858002310678636, 0.2742451256104425,
    0.34041700311664863, 0.4697598861887115, 0.24814400414966217, 0.2539150626330671]
  acceptance ratio [a/r, a/all]: [0.10532168387609214, 0.09528600172463352]
  accepted,rejected,pre-rejected,sum,seed:
  - [36, 348, 0, 384, 2]
  - [50, 313, 0, 363, 1002]
  - [39, 321, 0, 360, 10002]
  - [41, 334, 0, 375, 11002]
  - [41, 348, 0, 389, 12002]
  - [40, 334, 0, 374, 13002]
  - [47, 315, 0, 362, 14002]
  - [39, 323, 0, 362, 15002]
  - [31, 338, 0, 369, 16002]
  - [34, 339, 0, 373, 17002]
  - [23, 311, 0, 334, 18002]
  - [25, 317, 0, 342, 2002]
  - [35, 354, 0, 389, 3002]
  - [22, 334, 0, 356, 4002]
  - [30, 340, 0, 370, 5002]
  - [37, 323, 0, 360, 6002]
  - [31, 334, 0, 365, 7002]
  - [28, 345, 0, 373, 8002]
  - [34, 324, 0, 358, 9002]
  corr:
  - [1.0, -0.5771345304213784, -0.031704530875929574, -0.14512345076122063, 0.3777294292507138,
    -0.060425916705022724, -0.13185458250471283, -0.019714996734619645]
  - [-0.5771345304213784, 1.0, 0.4831401480455384, -0.03128349231487357, -0.3088978726447442,
    -0.04863676055548523, 0.36203419019260036, -0.40583739338117625]
  - [-0.031704530875929574, 0.48314014804553845, 1.0, 0.4052347226835334, 0.04714999096128193,
    -0.046868368571972435, 0.4163710807823077, -0.645804886798846]
  - [-0.1451234507612206, -0.03128349231487357, 0.4052347226835334, 0.9999999999999998,
    0.015224048956042761, -0.0512368696697498, 0.04213429476687795, -0.12207791990340561]
  - [0.3777294292507138, -0.3088978726447442, 0.04714999096128193, 0.01522404895604276,
    1.0, 0.11515127103650248, -0.12969750655059759, -0.06658069022573794]
  - [-0.06042591670502272, -0.048636760555485235, -0.04686836857197244, -0.0512368696697498,
    0.11515127103650251, 1.0, -0.0199239920379307, -0.04244977838402269]
  - [-0.13185458250471283, 0.3620341901926003, 0.4163710807823077, 0.04213429476687796,
    -0.12969750655059759, -0.0199239920379307, 1.0, -0.3297686819160067]
  - [-0.019714996734619645, -0.40583739338117625, -0.645804886798846, -0.12207791990340562,
    -0.06658069022573795, -0.04244977838402269, -0.32976868191600667, 1.0]
  corr_log10:
  - [0.9999999999999999, -0.7965344710393415, 0.06926362658883738, -0.03120279002319618,
    0.35315941432923686, -0.26599358272231405, -0.216510496634278, -0.0034694195669706823]
  - [-0.7965344710393415, 1.0, 0.4681676523856824, 0.013322516681257522, -0.33962377449673137,
    0.08183273638403768, 0.45963781542797594, -0.428534959606204]
  - [0.06926362658883738, 0.46816765238568236, 1.0, 0.3885720922843807, 0.10991535950842164,
    -0.17300903678723553, 0.4164743282781649, -0.762874325231419]
  - [-0.03120279002319618, 0.013322516681257522, 0.3885720922843807, 1.0, 0.14649680208286261,
    0.11147615467717895, 0.0651979585619247, -0.10247816516887355]
  - [0.3531594143292369, -0.3396237744967313, 0.10991535950842164, 0.14649680208286261,
    1.0, 0.061599578256827534, -0.1678996695227467, -0.02377352895703112]
  - [-0.265993582722314, 0.08183273638403768, -0.17300903678723553, 0.11147615467717895,
    0.06159957825682753, 1.0, -0.079343517144781, 0.09854777468921051]
  - [-0.216510496634278, 0.45963781542797594, 0.41647432827816483, 0.0651979585619247,
    -0.1678996695227467, -0.079343517144781, 0.9999999999999999, -0.3797113490933477]
  - [-0.0034694195669706827, -0.428534959606204, -0.762874325231419, -0.10247816516887354,
    -0.02377352895703112, 0.09854777468921051, -0.3797113490933477, 1.0]
  cov:
  - [7.0588947350322926e-15, -2765.479050523959, -0.039570227627641306, -0.05701858909654207,
    1.988300231310388e-29, -2.62871654941366e-26, -4.383355249441976e-15, -3.1137393931700344e-16]
  - [-2765.479050523959, 3.2527442786397255e+21, 4.093331835900079e+17, -8343546822275422.0,
    -1.1037549544051354e-11, -1.4362887564716806e-08, 8169.916849321651, -4351.051458867225]
  - [-0.039570227627641306, 4.093331835900079e+17, 220677334034763.75, 28151142983431.69,
    4.388269243443769e-16, -3.6050464073204485e-12, 2.4473862227273004, -1.8034221115649678]
  - [-0.05701858909654207, -8343546822275422.0, 28151142983431.69, 21868602704186.457,
    4.4603966091321585e-17, -1.2406385298600112e-12, 0.07796314235136707, -0.10731608897993553]
  - [1.988300231310388e-29, -1.1037549544051354e-11, 4.388269243443769e-16, 4.4603966091321585e-17,
    3.9252342135520745e-43, 3.735542507491507e-40, -3.2151963739001914e-29, -7.841484345107618e-30]
  - [-2.62871654941366e-26, -1.4362887564716806e-08, -3.6050464073204485e-12, -1.2406385298600112e-12,
    3.735542507491507e-40, 2.6810463222538577e-35, -4.081986904342975e-26, -4.131852266127673e-26]
  - [-4.383355249441976e-15, 8169.916849321651, 2.4473862227273004, 0.07796314235136707,
    -3.2151963739001914e-29, -4.081986904342975e-26, 1.5656193401334542e-13, -2.452842689198409e-14]
  - [-3.1137393931700344e-16, -4351.051458867225, -1.8034221115649678, -0.10731608897993553,
    -7.841484345107618e-30, -4.131852266127673e-26, -2.452842689198409e-14, 3.5337384153165475e-14]
  cov_log10:
  - [0.04758522064046807, -0.04336473232746549, 0.0017917768740274994, -0.0018668074053429043,
    0.026227035324436206, -0.027259272240504947, -0.011720601799932538, -0.0001921818887903661]
  - [-0.04336473232746549, 0.062286238199326764, 0.013856071334233465, 0.0009119108155383694,
    -0.028856024964791397, 0.009594673023846393, 0.02846732859729811, -0.027158257296584]
  - [0.0017917768740274994, 0.013856071334233465, 0.014063237536811988, 0.012638173255097019,
    0.004437551542624834, -0.009638700784391585, 0.012256481216647219, -0.022972869481267408]
  - [-0.0018668074053429043, 0.0009119108155383694, 0.012638173255097019, 0.07522117022683811,
    0.013678565576032078, 0.014363460237389209, 0.004437505984586047, -0.007137086722384436]
  - [0.026227035324436206, -0.028856024964791397, 0.004437551542624834, 0.013678565576032078,
    0.11590034778500431, 0.00985206259712377, -0.014184927561671614, -0.0020552072023253373]
  - [-0.027259272240504947, 0.009594673023846393, -0.009638700784391585, 0.014363460237389209,
    0.00985206259712377, 0.22070598403651648, -0.009250248793644797, 0.011756375967249702]
  - [-0.011720601799932538, 0.02846732859729811, 0.012256481216647219, 0.004437505984586047,
    -0.014184927561671614, -0.009250248793644797, 0.06158427355098853, -0.023928092530567366]
  - [-0.0001921818887903661, -0.027158257296584, -0.022972869481267408, -0.007137086722384436,
    -0.0020552072023253373, 0.011756375967249702, -0.023928092530567366, 0.06448210112757302]
  length of chains: [385, 364, 361, 376, 390, 375, 363, 363, 370, 374, 335, 343, 390,
    357, 371, 361, 366, 374, 359]
  max_samples: 10000
  mean: [1.2476820239977143e-07, 107993214229.77405, 48775926.05798221, 7610043.030170088,
    8.134872361091263e-22, 2.754910257832911e-18, 4.4514423282581003e-07, 3.50154114686542e-07]
  mean_log10: [-6.903896081976266, 11.0333964673837, 7.6882055236442834, 6.8813871124489685,
    -21.089649256901506, -17.559892543876717, -6.351499248858998, -6.45574076585987]
  proposal_std: 0.1
  surrogate_is_updated: true
  time_limit: 10800
  type: MH
- N samples [a, r, pr, all]: [2665, 15221, 470270, 488156]
  SD: [1.4760172959446373e-07, 71253490337.54305, 27406930.40501386, 7996166.934567019,
    8.1572533202839545e-22, 6.2273963835526825e-18, 4.25237840792289e-07, 3.670955677463377e-07]
  SD_log10: [0.2812063274025798, 0.33047517975357615, 0.1869896859617134, 0.3642034186753501,
    0.4502647428563695, 0.7494681723049348, 0.3139796207610971, 0.42676499873128637]
  acceptance ratio [a/r, a/all]: [0.17508705078509954, 0.00545932038118962]
  accepted,rejected,pre-rejected,sum,seed:
  - [180, 811, 28854, 29845, 3]
  - [44, 841, 12481, 13366, 1003]
  - [179, 737, 29084, 30000, 10003]
  - [203, 795, 26241, 27239, 11003]
  - [126, 863, 28618, 29607, 12003]
  - [84, 794, 29122, 30000, 13003]
  - [172, 853, 28253, 29278, 14003]
  - [146, 838, 20790, 21774, 15003]
  - [93, 910, 15233, 16236, 16003]
  - [165, 848, 25504, 26517, 17003]
  - [154, 838, 27960, 28952, 18003]
  - [132, 868, 23310, 24310, 2003]
  - [131, 771, 29098, 30000, 3003]
  - [150, 802, 21599, 22551, 4003]
  - [134, 900, 20685, 21719, 5003]
  - [200, 522, 29278, 30000, 6003]
  - [145, 615, 29240, 30000, 7003]
  - [58, 813, 15891, 16762, 8003]
  - [169, 802, 29029, 30000, 9003]
  corr:
  - [1.0, -0.49893226249951306, 0.08331050996277604, -0.04897854106815152, 0.21847106696611296,
    -0.11372136389534895, -0.20802504931282986, -0.061616301090423126]
  - [-0.49893226249951306, 1.0, 0.443217457989617, 0.15348392817485607, -0.12519436768591755,
    0.015659826487352056, 0.27686354620745784, -0.30942938697229005]
  - [0.08331050996277604, 0.443217457989617, 1.0, 0.56597131780356, 0.2580733847002013,
    -0.1322908270148133, 0.0851863550470637, -0.5551030687310562]
  - [-0.04897854106815152, 0.1534839281748561, 0.56597131780356, 1.0, 0.056422425853748424,
    0.0026388158707960243, 0.039424210561581324, -0.23595001358708262]
  - [0.21847106696611296, -0.12519436768591755, 0.2580733847002013, 0.056422425853748424,
    1.0, -0.07590006692044578, 0.05419475761925346, -0.2836137506256784]
  - [-0.11372136389534895, 0.015659826487352056, -0.1322908270148133, 0.0026388158707960243,
    -0.07590006692044578, 1.0, 0.034908682659664195, 0.12194120564662551]
  - [-0.20802504931282986, 0.27686354620745784, 0.0851863550470637, 0.03942421056158133,
    0.05419475761925346, 0.034908682659664195, 1.0, -0.10276366354891618]
  - [-0.061616301090423126, -0.30942938697229, -0.5551030687310562, -0.2359500135870826,
    -0.2836137506256784, 0.1219412056466255, -0.10276366354891618, 1.0]
  corr_log10:
  - [1.0, -0.7605901883070167, 0.08956339559487735, -0.02665801777473041, 0.25269445092499576,
    -0.23451154903169513, -0.377996009288326, -0.11735972812035632]
  - [-0.7605901883070166, 0.9999999999999998, 0.511916909152487, 0.1089501821689644,
    -0.010584582203780297, -0.050514966233404256, 0.35106525965332275, -0.434981767796503]
  - [0.08956339559487735, 0.511916909152487, 1.0, 0.49755581979616126, 0.32077627227726385,
    -0.32171851235244575, -0.012021270111445385, -0.8385225296871213]
  - [-0.02665801777473041, 0.10895018216896442, 0.4975558197961613, 0.9999999999999999,
    0.034806084016322944, 0.07012790950090786, -0.07546252532525154, -0.26300612906282783]
  - [0.25269445092499576, -0.010584582203780299, 0.32077627227726385, 0.034806084016322944,
    1.0, -0.06687545321836759, 0.1346745046451992, -0.4060491280478025]
  - [-0.2345115490316951, -0.05051496623340425, -0.3217185123524458, 0.07012790950090786,
    -0.06687545321836758, 1.0, 0.29057891087086607, 0.2827127841059441]
  - [-0.377996009288326, 0.35106525965332275, -0.012021270111445385, -0.07546252532525154,
    0.1346745046451992, 0.29057891087086607, 0.9999999999999998, 0.04903125402706462]
  - [-0.11735972812035632, -0.43498176779650294, -0.8385225296871214, -0.2630061290628279,
    -0.4060491280478025, 0.2827127841059441, 0.04903125402706462, 1.0]
  cov:
  - [2.1786315207362882e-14, -5247.350412562982, 0.3370175569666421, -0.05780694696525838,
    2.630450994371007e-29, -1.045299893156834e-25, -1.3056893871831695e-14, -3.3386208450134908e-15]
  - [-5247.350412562982, 5.077070285385791e+21, 8.655343102431866e+17, 8.744838445708734e+16,
    -7.27672182580313e-12, 6.94865082341918e-09, 8388.894143168749, -8093.711697291565]
  - [0.3370175569666421, 8.655343102431866e+17, 751141372897121.9, 124033089486812.34,
    5.7696365162101744e-15, -2.257862695453934e-11, 0.9928033340682674, -5.584882696840063]
  - [-0.05780694696525838, 8.744838445708734e+16, 124033089486812.34, 63938816620691.414,
    3.6802595277740153e-16, 1.314008998710927e-13, 0.13405334393181348, -0.6925990467539437]
  - [2.630450994371007e-29, -7.27672182580313e-12, 5.7696365162101744e-15, 3.6802595277740153e-16,
    6.654091803675016e-43, -3.855613639299892e-40, 1.8798968560726771e-29, -8.492807162590361e-29]
  - [-1.045299893156834e-25, 6.94865082341918e-09, -2.257862695453934e-11, 1.314008998710927e-13,
    -3.855613639299892e-40, 3.878054515775158e-35, 9.244273038582845e-26, 2.7876421676717364e-25]
  - [-1.3056893871831695e-14, 8388.894143168749, 0.9928033340682674, 0.13405334393181348,
    1.8798968560726771e-29, 9.244273038582845e-26, 1.8082759165721697e-13, -1.6041741488038183e-14]
  - [-3.3386208450134908e-15, -8093.711697291565, -5.584882696840063, -0.6925990467539437,
    -8.492807162590361e-29, 2.7876421676717364e-25, -1.6041741488038183e-14, 1.3475943190654576e-13]
  cov_log10:
  - [0.0790771605565361, -0.07068309281315235, 0.004709493272805426, -0.002730221292968017,
    0.03199555330236886, -0.0494246278421031, -0.03337449119435478, -0.014084254570277954]
  - [-0.07068309281315235, 0.10921406815228035, 0.03163420060571316, 0.013113291515895378,
    -0.0015750030492729052, -0.012511604238028277, 0.03642747365772637, -0.06134788354031294]
  - [0.004709493272805426, 0.03163420060571316, 0.034965214280384405, 0.03388475660157266,
    0.02700776957911748, -0.04508663133847257, -0.0007057816424330515, -0.06691478257284164]
  - [-0.002730221292968017, 0.013113291515895378, 0.03388475660157266, 0.13264440188979748,
    0.005707790358794499, 0.019142074182332606, -0.008629342427129351, -0.040878934780909225]
  - [0.03199555330236886, -0.0015750030492729052, 0.02700776957911748, 0.005707790358794499,
    0.20273875395905017, -0.02256777607488419, 0.01903950611889942, -0.07802543650062113]
  - [-0.0494246278421031, -0.012511604238028277, -0.04508663133847257, 0.019142074182332606,
    -0.02256777607488419, 0.5617036919174132, 0.06837851049181021, 0.09042495991028934]
  - [-0.03337449119435478, 0.03642747365772637, -0.0007057816424330515, -0.008629342427129351,
    0.01903950611889942, 0.06837851049181021, 0.09858340419597696, 0.006569981467952774]
  - [-0.014084254570277954, -0.06134788354031294, -0.06691478257284164, -0.040878934780909225,
    -0.07802543650062113, 0.09042495991028934, 0.006569981467952774, 0.18212873722290507]
  length of chains: [29846, 13367, 30001, 27240, 29608, 30001, 29279, 21775, 16237,
    26518, 28953, 24311, 30001, 22552, 21720, 30001, 30001, 16763, 30001]
  max_samples: 30000
  mean: [1.8818963340910806e-07, 91316413174.7836, 56051630.8164297, 9370533.158337312,
    8.771996382570242e-22, 2.8835958603118773e-18, 3.871608569204839e-07, 3.379461274167022e-07]
  mean_log10: [-6.725404303742028, 10.960548844463052, 7.748588252868067, 6.971764301788155,
    -21.056901556090516, -17.54006560662087, -6.412108557569132, -6.47115252584778]
  proposal_std: 0.2
  surrogate_is_updated: true
  time_limit: 28800
  type: DAMH
