best_fit_L2:
  parameters: [1.1074156646232621e-07, 60683884745.540016, 28109752.41427789, 2006638.0537823727,
    6.911071170831824e-22, 1.2769720348658028e-17, 4.108086480097434e-07, 1.867298630297252e-06]
  parameters_log: [-16.01606658024504, 24.828944009574307, 17.151627135098565, 14.511971269602796,
    -48.72374740261688, -38.89945490317524, -14.705138307483251, -13.191017754242102]
  parameters_log10: [-6.955689337595507, 10.783073374842923, 7.448857020435387, 6.302469043927022,
    -21.16045463460441, -16.8938186134934, -6.3863604225641, -5.72878622135517]
estimated_distributions:
- {mu: 1.586677325650966e-07, mu_log10: -6.93628661461133, name: storativity, sigma: 1.4384523475198304e-07,
  sigma_log10: 0.34554827093748364}
- {mu: 100094815198.19801, mu_log10: 10.847923122846256, name: young_modulus, sigma: 99162710521.50516,
  sigma_log10: 0.3634200975078341}
- {mu: 47573668.09735478, mu_log10: 7.628772791127622, name: init_stress_x, sigma: 21507816.270254146,
  sigma_log10: 0.21423950045375964}
- {mu: 11069921.988619559, mu_log10: 6.803561629591485, name: init_stress_y, sigma: 11518080.096078517,
  sigma_log10: 0.48917319594369835}
- {mu: 1.0596622120948234e-21, mu_log10: -21.179984045143296, name: perm_kr, sigma: 1.262306626909091e-21,
  sigma_log10: 0.42521619347089773}
- {mu: 1.4605216475269126e-17, mu_log10: -17.7298716556079, name: perm_km, sigma: 5.2019844309797444e-17,
  sigma_log10: 0.8437255478394821}
- {mu: 5.636535446741091e-07, mu_log10: -6.381917695399093, name: perm_beta, sigma: 5.764414419327268e-07,
  sigma_log10: 0.3168538262834736}
- {mu: 1.0194089767523902e-06, mu_log10: -6.248464208590927, name: perm_gamma, sigma: 1.1641882726205342e-06,
  sigma_log10: 0.5083853884137255}
mode: [1.073896326373015e-07, 80765815420.12706, 41929268.97321265, 7229876.673619269,
  5.795828783324078e-22, 9.841138346126064e-19, 2.445609382243456e-07, 8.637797011255743e-07]
no chains: 38
no parameters: 8
samplers_list:
- N samples [a, r, pr, all]: [589, 6300, 0, 6889]
  SD: [5.67931380098165e-08, 64156412142.67993, 14259412.471595818, 9698507.902043298,
    7.431996413379826e-22, 2.330218345640373e-18, 7.305256669040307e-07, 4.770518170641023e-07]
  SD_log10: [0.225101093914938, 0.22164301676147577, 0.12040700381195811, 0.3309155058692377,
    0.3245054882094786, 0.48957752408225996, 0.3026409354650706, 0.32042908130526615]
  acceptance ratio [a/r, a/all]: [0.09349206349206349, 0.08549862098998404]
  accepted,rejected,pre-rejected,sum,seed:
  - [25, 340, 0, 365, 2]
  - [39, 321, 0, 360, 1002]
  - [26, 329, 0, 355, 10002]
  - [48, 300, 0, 348, 11002]
  - [26, 353, 0, 379, 12002]
  - [28, 350, 0, 378, 13002]
  - [49, 291, 0, 340, 14002]
  - [21, 352, 0, 373, 15002]
  - [44, 301, 0, 345, 16002]
  - [31, 322, 0, 353, 17002]
  - [36, 318, 0, 354, 18002]
  - [29, 357, 0, 386, 2002]
  - [20, 354, 0, 374, 3002]
  - [23, 333, 0, 356, 4002]
  - [36, 348, 0, 384, 5002]
  - [18, 346, 0, 364, 6002]
  - [30, 308, 0, 338, 7002]
  - [28, 334, 0, 362, 8002]
  - [32, 343, 0, 375, 9002]
  corr:
  - [1.0, -0.6329746342102828, 0.01864041007896933, -0.28112273032721674, 0.28831316963401216,
    0.13301796354239004, 0.16169581688724324, 0.011071181565956472]
  - [-0.6329746342102827, 1.0, 0.23809763078075272, 0.13082518488675998, -0.3246329777452803,
    -0.11563412832422146, -0.1648564005405524, -0.05052664797199593]
  - [0.01864041007896933, 0.23809763078075272, 1.0, 0.6913904552972033, 0.09153703736252479,
    -0.1147414425046357, 0.08437854049248021, -0.236009837889837]
  - [-0.28112273032721674, 0.13082518488675995, 0.6913904552972032, 1.0, -0.023805403457651142,
    -0.17363831113355477, -0.034078651548435576, -0.056784226704233845]
  - [0.28831316963401216, -0.32463297774528027, 0.09153703736252479, -0.023805403457651142,
    1.0, -0.028966190134882774, 0.509036012589849, 0.11750620698998346]
  - [0.13301796354239007, -0.11563412832422147, -0.11474144250463571, -0.1736383111335548,
    -0.028966190134882774, 1.0, -0.0732576056877214, -0.060244012911656576]
  - [0.16169581688724327, -0.1648564005405524, 0.08437854049248021, -0.03407865154843557,
    0.509036012589849, -0.07325760568772141, 1.0, 0.10686265772735233]
  - [0.011071181565956472, -0.05052664797199593, -0.23600983788983704, -0.05678422670423385,
    0.11750620698998344, -0.06024401291165658, 0.10686265772735233, 1.0]
  corr_log10:
  - [1.0, -0.7431354868041489, 0.10946201351588712, -0.15971499354904173, 0.5143493619517198,
    0.24608139814840585, 0.30397164948397487, -0.1056422254957169]
  - [-0.743135486804149, 1.0, 0.32990291070863775, 0.08210484030430022, -0.39554866861592947,
    -0.24287822834329628, -0.1452998483248749, -0.019246770079196354]
  - [0.10946201351588711, 0.3299029107086378, 0.9999999999999999, 0.6125959831351818,
    0.22687031752639014, -0.1954474944075197, 0.06092854962122063, -0.25107921257657106]
  - [-0.15971499354904173, 0.08210484030430022, 0.6125959831351818, 1.0, 0.12556508642600114,
    -0.19412196422189829, -0.08881692751531715, -0.026682662416816442]
  - [0.5143493619517198, -0.3955486686159294, 0.22687031752639014, 0.12556508642600114,
    1.0, 0.08999781053165869, 0.270212837584273, 0.003459210982828934]
  - [0.24608139814840582, -0.24287822834329628, -0.19544749440751968, -0.19412196422189829,
    0.0899978105316587, 0.9999999999999999, -0.043883441464210984, -0.050965866926775315]
  - [0.3039716494839748, -0.1452998483248749, 0.06092854962122063, -0.08881692751531717,
    0.270212837584273, -0.043883441464210984, 0.9999999999999998, -0.030603806170935204]
  - [-0.10564222549571692, -0.019246770079196354, -0.25107921257657106, -0.026682662416816442,
    0.0034592109828289344, -0.050965866926775315, -0.030603806170935204, 1.0]
  cov:
  - [3.225927509297031e-15, -2306.6681210743986, 0.015097875248276355, -0.1548672635435343,
    1.2171068606718948e-29, 1.7606200779822106e-26, 6.709543958811819e-15, 2.9999793550173567e-16]
  - [-2306.6681210743986, 4.116641142753658e+21, 2.178510448254169e+17, 8.1414024340249e+16,
    -1.5481073349674235e-11, -1.7289625626675974e-08, -7727.592889592075, -1546.639092998022]
  - [0.015097875248276355, 2.178510448254169e+17, 203360282408358.25, 95629703305142.73,
    9.70212460919233e-16, -3.8131283786498745e-12, 0.879087273959414, -1.6056843170562065]
  - [-0.1548672635435343, 8.1414024340249e+16, 95629703305142.73, 94074673747442.69,
    -1.7161246704519466e-16, -3.924731645152101e-12, -0.2414825082659138, -0.2627610974875529]
  - [1.2171068606718948e-29, -1.5481073349674235e-11, 9.70212460919233e-16, -1.7161246704519466e-16,
    5.5242567585940275e-43, -5.0171416007918e-41, 2.7640910962405015e-28, 4.1667239265301995e-29]
  - [1.7606200779822106e-26, -1.7289625626675974e-08, -3.8131283786498745e-12, -3.924731645152101e-12,
    -5.0171416007918e-41, 5.430703685389278e-36, -1.2472332773360592e-25, -6.697904289037011e-26]
  - [6.709543958811819e-15, -7727.592889592075, 0.879087273959414, -0.2414825082659138,
    2.7640910962405015e-28, -1.2472332773360592e-25, 5.337450147732157e-13, 3.724687811607392e-14]
  - [2.9999793550173567e-16, -1546.639092998022, -1.6056843170562065, -0.2627610974875529,
    4.1667239265301995e-29, -6.697904289037011e-26, 3.724687811607392e-14, 2.2761138511973475e-13]
  cov_log10:
  - [0.050677838590356794, -0.03708194724072836, 0.002967260399522368, -0.011898803273909837,
    0.03757688105385966, 0.027123188093459236, 0.020711007659373514, -0.007620964606702151]
  - [-0.03708194724072836, 0.049132739319678376, 0.008805516242037069, 0.0060228604943779705,
    -0.028453709866104245, -0.026358881854474776, -0.009747870639835473, -0.0013671202257256204]
  - [0.002967260399522368, 0.008805516242037069, 0.014499945574728314, 0.024412141851800153,
    0.008865726868389417, -0.0115230169682971, 0.0022205631744288933, -0.009688516988115249]
  - [-0.011898803273909837, 0.0060228604943779705, 0.024412141851800153, 0.10952092624099882,
    0.013485620580908832, -0.031454018595281984, -0.008896176823618039, -0.002829704443364357]
  - [0.03757688105385966, -0.028453709866104245, 0.008865726868389417, 0.013485620580908832,
    0.10531905783317169, 0.014300075644692954, 0.026541078588320027, 0.00035974427799303696]
  - [0.027123188093459236, -0.026358881854474776, -0.0115230169682971, -0.031454018595281984,
    0.014300075644692954, 0.23972085400516352, -0.006502984129034964, -0.007996421627686982]
  - [0.020711007659373514, -0.009747870639835473, 0.0022205631744288933, -0.008896176823618039,
    0.026541078588320027, -0.006502984129034964, 0.09160479650193247, -0.002968232465343442]
  - [-0.007620964606702151, -0.0013671202257256204, -0.009688516988115249, -0.002829704443364357,
    0.00035974427799303696, -0.007996421627686982, -0.002968232465343442, 0.10268966147061181]
  length of chains: [366, 361, 356, 349, 380, 379, 341, 374, 346, 354, 355, 387, 375,
    357, 385, 365, 339, 363, 376]
  max_samples: 10000
  mean: [1.0769220620047667e-07, 120133624964.08333, 54984322.459186636, 12717681.248222401,
    9.68008269199733e-22, 1.8977054282324662e-18, 5.533638408888746e-07, 6.103803627001462e-07]
  mean_log10: [-6.967815725918397, 11.079664581861545, 7.740238877857114, 7.104407935770027,
    -21.014120932720044, -17.72177120013934, -6.256989222888406, -6.2143994470521156]
  proposal_std: 0.1
  surrogate_is_updated: true
  time_limit: 10800
  type: MH
- N samples [a, r, pr, all]: [3014, 13551, 473856, 490421]
  SD: [1.672590295472497e-07, 131009695341.03604, 23552179.240267754, 14322719.000766644,
    1.7702523671405986e-21, 5.430388870546383e-17, 6.058805307256485e-07, 1.4544750912717489e-06]
  SD_log10: [0.40013091625979214, 0.4168846618838859, 0.228855168143968, 0.5429048052229423,
    0.47551926689868834, 0.985262943529053, 0.3379949171516711, 0.5415518340491458]
  acceptance ratio [a/r, a/all]: [0.22241900966718323, 0.006145740088617738]
  accepted,rejected,pre-rejected,sum,seed:
  - [175, 700, 24437, 25312, 3]
  - [205, 627, 29168, 30000, 1003]
  - [98, 671, 29231, 30000, 10003]
  - [211, 698, 20585, 21494, 11003]
  - [119, 816, 24658, 25593, 12003]
  - [163, 589, 29248, 30000, 13003]
  - [161, 765, 20779, 21705, 14003]
  - [74, 821, 16843, 17738, 15003]
  - [102, 799, 18950, 19851, 16003]
  - [147, 775, 18534, 19456, 17003]
  - [182, 744, 25767, 26693, 18003]
  - [262, 680, 27660, 28602, 2003]
  - [152, 754, 21099, 22005, 3003]
  - [174, 447, 29379, 30000, 4003]
  - [168, 672, 24023, 24863, 5003]
  - [158, 818, 26133, 27109, 6003]
  - [126, 776, 29098, 30000, 7003]
  - [194, 643, 29163, 30000, 8003]
  - [143, 756, 29101, 30000, 9003]
  corr:
  - [1.0, -0.4818630681709378, 0.18132766811882034, 0.08861324738689681, 0.6477977389153169,
    -0.02069168408336685, -0.040167906800384956, -0.09260044105289876]
  - [-0.4818630681709378, 0.9999999999999999, 0.11547955004224177, -0.03137715364939067,
    -0.31243089107727817, -0.1046784414886754, -0.019247388054374454, -0.017855049843356386]
  - [0.1813276681188203, 0.11547955004224177, 1.0, 0.7916651297081471, 0.32407839873276206,
    -0.27333571027376286, -0.03452007561079705, -0.0004087010958236186]
  - [0.08861324738689683, -0.03137715364939067, 0.7916651297081472, 1.0, 0.23905917528211285,
    -0.18270292968100085, -0.13454690482978224, 0.17767449099981067]
  - [0.6477977389153169, -0.31243089107727817, 0.324078398732762, 0.23905917528211285,
    1.0, -0.05019315390621896, 0.06694393593923842, -0.07503023508626193]
  - [-0.02069168408336685, -0.1046784414886754, -0.27333571027376286, -0.18270292968100083,
    -0.05019315390621896, 0.9999999999999999, 0.18489744012858572, -0.002098385380010346]
  - [-0.04016790680038495, -0.019247388054374454, -0.03452007561079704, -0.13454690482978224,
    0.06694393593923842, 0.18489744012858575, 1.0, -0.009011671134769177]
  - [-0.09260044105289877, -0.017855049843356383, -0.0004087010958236186, 0.1776744909998107,
    -0.07503023508626193, -0.002098385380010346, -0.009011671134769177, 0.9999999999999999]
  corr_log10:
  - [1.0, -0.8584851267481727, 0.17084480695952983, 0.10340689194414852, 0.7203581026295686,
    -0.02741765261398366, 0.007293404947376916, -0.15420421158574651]
  - [-0.8584851267481727, 1.0, 0.23499486969656266, 0.045997093854979486, -0.5670218108360617,
    -0.07359265895012246, 0.07198132198511276, 0.028353668647526864]
  - [0.17084480695952983, 0.23499486969656266, 1.0, 0.7698544586886285, 0.3574505257643109,
    -0.2906966229016018, -0.03976492695614656, -0.08505090604284779]
  - [0.10340689194414854, 0.045997093854979486, 0.7698544586886285, 1.0, 0.277963793708629,
    -0.3057246171003907, -0.1840605485694291, 0.14390388807963886]
  - [0.7203581026295686, -0.5670218108360617, 0.3574505257643109, 0.277963793708629,
    1.0, -0.06825463485066713, 0.16055569645136222, -0.0444541027619916]
  - [-0.027417652613983656, -0.07359265895012244, -0.29069662290160186, -0.3057246171003908,
    -0.06825463485066713, 0.9999999999999999, 0.2893784443821271, 0.012827540724002159]
  - [0.0072934049473769155, 0.07198132198511276, -0.03976492695614656, -0.18406054856942908,
    0.16055569645136222, 0.2893784443821271, 1.0, 0.0846007030978261]
  - [-0.15420421158574654, 0.02835366864752686, -0.08505090604284779, 0.1439038880796389,
    -0.044454102761991604, 0.012827540724002159, 0.0846007030978261, 0.9999999999999998]
  cov:
  - [2.7975640007007045e-14, -10558.87227415663, 0.7143081947472024, 0.21228268987176957,
    1.9180727251956877e-28, -1.8793913678502982e-25, -4.070583388987936e-15, -2.25273341735411e-14]
  - [-10558.87227415663, 1.7163575269628666e+22, 3.5632024888712237e+17, -5.887668346871931e+16,
    -7.24591897663713e-11, -7.447191142948703e-07, -1527.7880958189087, -3402.292730392214]
  - [0.7143081947472024, 3.5632024888712237e+17, 554706278003900.9, 267053928436897.72,
    1.351192579324096e-14, -3.495902310541626e-10, -0.49259581608005565, -0.014000517010535158]
  - [0.21228268987176957, -5.887668346871931e+16, 267053928436897.72, 205140697853760.12,
    6.061316442371357e-15, -1.4210285354906783e-10, -1.1675811253711827, 3.7013292996948923]
  - [1.9180727251956877e-28, -7.24591897663713e-11, 1.351192579324096e-14, 6.061316442371357e-15,
    3.133799833137716e-42, -4.825157406356319e-39, 7.180163098188206e-29, -1.931873408378421e-28]
  - [-1.8793913678502982e-25, -7.447191142948703e-07, -3.495902310541626e-10, -1.4210285354906783e-10,
    -4.825157406356319e-39, 2.948918341337847e-33, 6.0834467613567805e-24, -1.6573848166324885e-25]
  - [-4.070583388987936e-15, -1527.7880958189087, -0.49259581608005565, -1.1675811253711827,
    7.180163098188206e-29, 6.0834467613567805e-24, 3.6709196600787545e-13, -7.941444503630694e-15]
  - [-2.25273341735411e-14, -3402.292730392214, -0.014000517010535158, 3.7013292996948923,
    -1.931873408378421e-28, -1.6573848166324885e-25, -7.941444503630694e-15, 2.1155021046061654e-12]
  cov_log10:
  - [0.16010507659884587, -0.1432028582334066, 0.015644637366285675, 0.02246343486620158,
    0.1370627868156554, -0.010808997406135007, 0.0009863782576849263, -0.0334148303343252]
  - [-0.1432028582334066, 0.17379317567569277, 0.022420015458416317, 0.010410483046219207,
    -0.11240475544934427, -0.030227584631646147, 0.010142541423109077, 0.00640126922210348]
  - [0.015644637366285675, 0.022420015458416317, 0.052374794777664664, 0.09565197129799898,
    0.03889964771705048, -0.0655471397508083, -0.0030758982728493426, -0.010540970195259604]
  - [0.02246343486620158, 0.010410483046219207, 0.09565197129799898, 0.29474622851743504,
    0.07175975044270137, -0.16353364988568758, -0.03377500737051669, 0.042309425687030236]
  - [0.1370627868156554, -0.11240475544934427, 0.03889964771705048, 0.07175975044270137,
    0.2261190342453186, -0.03197814741947586, 0.025805061104920864, -0.01144776969630278]
  - [-0.010808997406135007, -0.030227584631646147, -0.0655471397508083, -0.16353364988568758,
    -0.03197814741947586, 0.9707450472271322, 0.096367231273066, 0.006844417098386179]
  - [0.0009863782576849263, 0.010142541423109077, -0.0030758982728493426, -0.03377500737051669,
    0.025805061104920864, 0.096367231273066, 0.11424079695567217, 0.015485493783083119]
  - [-0.0334148303343252, 0.00640126922210348, -0.010540970195259604, 0.042309425687030236,
    -0.01144776969630278, 0.006844417098386179, 0.015485493783083119, 0.2932789869534333]
  length of chains: [25313, 30001, 30001, 21495, 25594, 30001, 21706, 17739, 19852,
    19457, 26694, 28603, 22006, 30001, 24864, 27110, 30001, 30001, 30001]
  max_samples: 30000
  mean: [1.749803214575574e-07, 113382881470.21489, 52202219.93925392, 14338069.748405533,
    1.3134983378751401e-21, 1.785723949767421e-17, 5.895548791075189e-07, 1.263319551976032e-06]
  mean_log10: [-6.75701078995908, 11.054547489793006, 7.717688972099353, 7.156490688706871,
    -20.88157047244176, -16.74818567666739, -6.22947576209689, -5.898486782376979]
  proposal_std: 0.2
  surrogate_is_updated: true
  time_limit: 28800
  type: DAMH
