best_fit_L2:
  parameters: [4.308354844829517e-07, 13877922150.102709, 54082873.82691061, 8553083.747572308,
    3.687716376157768e-22, 3.263117837608872e-15, 7.624098393973556e-07, 4.644080874502574e-06]
  parameters_log: [-14.657539526247222, 23.35356507981751, 17.806028128577594, 15.961802448117028,
    -49.3518646476445, -33.356093264678854, -14.086781578869452, -12.279917079443363]
  parameters_log10: [-6.365688534527973, 10.14232444693322, 7.733059760855335, 6.932122724447042,
    -21.433242488108178, -14.48636724270025, -6.117811507479381, -5.333100225831749]
estimated_distributions:
- {mu: 3.953719919630327e-07, mu_log10: -6.416591599939755, name: storativity, sigma: 9.966558876177652e-08,
  sigma_log10: 0.10821444686559092}
- {mu: 12350420930.02474, mu_log10: 10.081434930138627, name: young_modulus, sigma: 2837455911.8889318,
  sigma_log10: 0.09209720765869141}
- {mu: 57345893.44705091, mu_log10: 7.7584056487496325, name: init_stress_x, sigma: 1204584.7643196876,
  sigma_log10: 0.009184088576872628}
- {mu: 11930553.672753762, mu_log10: 7.057339978860633, name: init_stress_y, sigma: 3586051.7389278524,
  sigma_log10: 0.12883568825702946}
- {mu: 3.8510584563704635e-22, mu_log10: -21.437000392832406, name: perm_kr, sigma: 1.1520685173127948e-22,
  sigma_log10: 0.14580029426547725}
- {mu: 4.656373387964771e-15, mu_log10: -14.404966152036653, name: perm_km, sigma: 2.4517348491254124e-15,
  sigma_log10: 0.265828301822089}
- {mu: 1.606076355388803e-06, mu_log10: -5.799597923143663, name: perm_beta, sigma: 2.41796558920475e-07,
  sigma_log10: 0.06978576260592709}
- {mu: 3.0561763227889357e-06, mu_log10: -5.551445835944315, name: perm_gamma, sigma: 1.3324123113805575e-06,
  sigma_log10: 0.17424374614661367}
mode: [3.526210690291522e-07, 16298644079.88333, 55351637.145198815, 10008833.374311058,
  2.8642874716586983e-22, 1.83352620311074e-15, 1.888870925788992e-06, 2.453882116959461e-06]
no chains: 38
no parameters: 8
samplers_list:
- N samples [a, r, pr, all]: [73, 5834, 0, 5907]
  SD: [9.527778569062597e-08, 2116971948.2322242, 2817013.9434057614, 3531599.196631666,
    1.2395808651941904e-22, 9.348745766963441e-16, 7.438495666873833e-07, 8.184245126988934e-07]
  SD_log10: [0.094874082323283, 0.06995170516144765, 0.022088506789970402, 0.13608570405922057,
    0.12292309120853818, 0.2203876344926255, 0.18103304282644675, 0.15713355058286563]
  acceptance ratio [a/r, a/all]: [0.012512855673637299, 0.012358219062129677]
  accepted,rejected,pre-rejected,sum,seed:
  - [10, 314, 0, 324, 2]
  - [8, 307, 0, 315, 1002]
  - [1, 311, 0, 312, 10002]
  - [1, 311, 0, 312, 11002]
  - [5, 303, 0, 308, 12002]
  - [3, 311, 0, 314, 13002]
  - [1, 309, 0, 310, 14002]
  - [2, 300, 0, 302, 15002]
  - [4, 308, 0, 312, 16002]
  - [1, 310, 0, 311, 17002]
  - [5, 310, 0, 315, 18002]
  - [8, 317, 0, 325, 2002]
  - [4, 300, 0, 304, 3002]
  - [4, 303, 0, 307, 4002]
  - [2, 313, 0, 315, 5002]
  - [2, 308, 0, 310, 6002]
  - [2, 290, 0, 292, 7002]
  - [7, 305, 0, 312, 8002]
  - [3, 304, 0, 307, 9002]
  corr:
  - [1.0, -0.8620158390480246, 0.2084558972215031, -0.49453589942976767, -0.08638704070328534,
    -0.3552131179248313, 0.3607615711610973, 0.07576293842187917]
  - [-0.8620158390480246, 0.9999999999999999, -0.12774579757655605, 0.2817557150940743,
    -0.15601650304527706, 0.22163641854496366, -0.2580075042695362, -0.016017752431091326]
  - [0.2084558972215031, -0.12774579757655605, 1.0, 0.31650298366465734, -0.6649606553968505,
    0.1172820418522386, -0.340284264720316, -0.25497894727882175]
  - [-0.49453589942976767, 0.2817557150940743, 0.31650298366465734, 1.0, -0.050219277466229915,
    0.5153497213384314, -0.5103763407786417, -0.5148009016100165]
  - [-0.08638704070328534, -0.15601650304527703, -0.6649606553968505, -0.05021927746622991,
    1.0, 0.004375745747731512, 0.29586699504694847, -0.037193043743200024]
  - [-0.3552131179248313, 0.2216364185449637, 0.1172820418522386, 0.5153497213384314,
    0.004375745747731512, 1.0, -0.5984828399481364, -0.2279481249139982]
  - [0.3607615711610973, -0.2580075042695362, -0.340284264720316, -0.5103763407786417,
    0.29586699504694847, -0.5984828399481364, 1.0, 0.17444234173396872]
  - [0.07576293842187917, -0.016017752431091322, -0.25497894727882175, -0.5148009016100165,
    -0.037193043743200024, -0.2279481249139982, 0.17444234173396872, 0.9999999999999999]
  corr_log10:
  - [0.9999999999999999, -0.8621156007446619, 0.19641399038264043, -0.47478448892560704,
    0.04670316391434637, -0.35505961092090393, 0.5329908625670536, 0.18356811450509863]
  - [-0.8621156007446619, 1.0, -0.16884765855831252, 0.11615004111354348, -0.27607462779035197,
    0.1385525584872101, -0.36588563745539926, -0.03835000818731856]
  - [0.19641399038264043, -0.16884765855831255, 1.0, 0.2642793764087048, -0.6613898285592794,
    0.09073376396410195, -0.34633625011605473, -0.28887131520345777]
  - [-0.47478448892560704, 0.11615004111354346, 0.2642793764087048, 1.0, -0.0029156752488542085,
    0.5305408930935748, -0.558172055599259, -0.5383870032018561]
  - [0.04670316391434637, -0.2760746277903519, -0.6613898285592794, -0.0029156752488542085,
    1.0, 0.10784256157350364, 0.3326342046084614, -0.009670732782216019]
  - [-0.35505961092090393, 0.13855255848721013, 0.09073376396410195, 0.5305408930935748,
    0.10784256157350364, 0.9999999999999999, -0.5951699376336801, -0.21927479217531848]
  - [0.5329908625670536, -0.3658856374553993, -0.34633625011605473, -0.558172055599259,
    0.33263420460846144, -0.5951699376336801, 1.0, 0.2501828945207513]
  - [0.18356811450509863, -0.03835000818731856, -0.28887131520345777, -0.5383870032018561,
    -0.009670732782216019, -0.2192747921753185, 0.2501828945207513, 0.9999999999999998]
  cov:
  - [9.079388573779285e-15, -173.8982841633462, 0.05595876617784706, -0.16643098389177516,
    -1.0204421952904959e-30, -3.164515980586918e-23, 2.5572331863346517e-14, 5.908814913973312e-15]
  - [-173.8982841633462, 4.482326612763299e+18, -761945686019161.0, 2106844772971488.2,
    -4.094810410512277e-14, 4.387153894397481e-07, -406.35522455179614, -27.75674919280808]
  - [0.05595876617784706, -761945686019161.0, 7936906893638.931, 3149281680610.2275,
    -2.3223790350100077e-16, 3.0892080437775703e-10, -0.7131637674048577, -0.5879565613955666]
  - [-0.16643098389177516, 2106844772971488.2, 3149281680610.2275, 12474297897107.15,
    -2.19882175612515e-17, 1.7017669969341594e-09, -1.3409739770615694, -1.488204553923983]
  - [-1.0204421952904959e-30, -4.094810410512277e-14, -2.3223790350100077e-16, -2.19882175612515e-17,
    1.5368200564985218e-44, 5.071700335712067e-40, 2.728536647854856e-29, -3.773883640146925e-30]
  - [-3.164515980586918e-23, 4.387153894397481e-07, 3.0892080437775703e-10, 1.7017669969341594e-09,
    5.071700335712067e-40, 8.741379830939871e-31, -4.162588297920345e-22, -1.7443807870027628e-22]
  - [2.5572331863346517e-14, -406.35522455179614, -0.7131637674048577, -1.3409739770615694,
    2.728536647854856e-29, -4.162588297920345e-22, 5.534055638825762e-13, 1.0621575570291447e-13]
  - [5.908814913973312e-15, -27.75674919280808, -0.5879565613955666, -1.488204553923983,
    -3.773883640146925e-30, -1.7443807870027628e-22, 1.0621575570291447e-13, 6.699317325531883e-13]
  cov_log10:
  - [0.00900261066824528, -0.005722485358708422, 0.00041167989453106427, -0.0061309801128443,
    0.0005447542870585791, -0.007425220874700701, 0.009155846341055787, 0.0027370772297587334]
  - [-0.005722485358708422, 0.004894066918463332, -0.00026093539790048313, 0.0011058684558601837,
    -0.00237427798899431, 0.0021363547526463554, -0.004634200406727332, -0.00042160522336671664]
  - [0.00041167989453106427, -0.00026093539790048313, 0.0004879844785619898, 0.0007945393822788101,
    -0.0017961005063220753, 0.0004417695739159662, -0.001385145680533103, -0.0010027969240245479]
  - [-0.0061309801128443, 0.0011058684558601837, 0.0007945393822788101, 0.01852244447272833,
    -4.8781867277667643e-05, 0.015914459179301236, -0.013753452702229786, -0.01151461146558881]
  - [0.0005447542870585791, -0.00237427798899431, -0.0017961005063220753, -4.8781867277667643e-05,
    0.015112636577806829, 0.002922026728018583, 0.0074034052438007, -0.00018682503518757036]
  - [-0.007425220874700701, 0.0021363547526463554, 0.0004417695739159662, 0.015914459179301236,
    0.002922026728018583, 0.04857890702534501, -0.023749767024071056, -0.00759483158615892]
  - [0.009155846341055787, -0.004634200406727332, -0.001385145680533103, -0.013753452702229786,
    0.0074034052438007, -0.023749767024071056, 0.03277849389670778, 0.007117995028937695]
  - [0.0027370772297587334, -0.00042160522336671664, -0.0010027969240245479, -0.01151461146558881,
    -0.00018682503518757036, -0.00759483158615892, 0.007117995028937695, 0.024695119968182196]
  length of chains: [325, 316, 313, 313, 309, 315, 311, 303, 313, 312, 316, 326, 305,
    308, 316, 311, 293, 313, 308]
  max_samples: 10000
  mean: [4.784932533424285e-07, 12699847869.659185, 57532508.59913167, 10653210.834301189,
    3.2411423946847496e-22, 2.2084560460155136e-15, 1.9634102343625773e-06, 2.3701974820847424e-06]
  mean_log10: [-6.32012418130785, 10.103798518612393, 7.759913311049794, 7.027480522090041,
    -21.489301888478014, -14.65591123990248, -5.706988949556364, -5.625215467573591]
  proposal_std: 0.1
  surrogate_is_updated: true
  time_limit: 10800
  type: MH
- N samples [a, r, pr, all]: [7, 14600, 289651, 304258]
  SD: [1.0482245344944798e-07, 3275521960.036916, 3399545.2741771974, 3573116.689582035,
    1.8736185871078127e-22, 1.6385874601727122e-15, 7.332449544218409e-07, 1.2756583822656695e-06]
  SD_log10: [0.1081187896013017, 0.10329535148141276, 0.026696789674724178, 0.1373524480624905,
    0.18166927612604625, 0.25592129147254106, 0.20713867118671656, 0.22849792638727504]
  acceptance ratio [a/r, a/all]: [0.00047945205479452054, 2.3006790289819825e-05]
  accepted,rejected,pre-rejected,sum,seed:
  - [0, 798, 8284, 9082, 3]
  - [0, 869, 25161, 26030, 1003]
  - [4, 104, 29892, 30000, 10003]
  - [0, 886, 4260, 5146, 11003]
  - [0, 190, 29810, 30000, 12003]
  - [1, 872, 6384, 7257, 13003]
  - [1, 818, 14695, 15514, 14003]
  - [0, 838, 9367, 10205, 15003]
  - [0, 852, 11134, 11986, 16003]
  - [0, 836, 12543, 13379, 17003]
  - [0, 855, 8908, 9763, 18003]
  - [0, 875, 21416, 22291, 2003]
  - [0, 860, 4328, 5188, 3003]
  - [0, 816, 27790, 28606, 4003]
  - [1, 847, 12961, 13809, 5003]
  - [0, 838, 12041, 12879, 6003]
  - [0, 819, 16576, 17395, 7003]
  - [0, 792, 22820, 23612, 8003]
  - [0, 835, 11281, 12116, 9003]
  corr:
  - [0.9999999999999999, -0.8335846307995262, 0.13682655305397828, -0.43680722897956276,
    -0.04009197574410498, -0.27402289643815964, 0.23944166379348536, -0.14099927316727962]
  - [-0.8335846307995262, 1.0, 0.07980567252335621, 0.1931478689446382, -0.3101633704793416,
    -0.015272964727440658, -0.28033763750400514, -0.059957199802550626]
  - [0.13682655305397828, 0.0798056725233562, 1.0, 0.45309246738771103, -0.7673338145534967,
    0.2347985162320984, -0.623442707349663, -0.22607996035729275]
  - [-0.4368072289795628, 0.1931478689446382, 0.453092467387711, 1.0, -0.030668540667876575,
    0.6949121459557498, -0.5446390207852924, -0.24775157721454522]
  - [-0.04009197574410498, -0.3101633704793416, -0.7673338145534967, -0.030668540667876578,
    0.9999999999999999, 0.05811076918542735, 0.6035984070962752, -0.030634689139002247]
  - [-0.27402289643815964, -0.015272964727440658, 0.23479851623209844, 0.6949121459557498,
    0.05811076918542734, 1.0, -0.5078481453505034, 0.09829032913319226]
  - [0.23944166379348533, -0.2803376375040051, -0.623442707349663, -0.5446390207852924,
    0.6035984070962752, -0.5078481453505034, 1.0, -0.05522323095725811]
  - [-0.14099927316727964, -0.05995719980255063, -0.22607996035729275, -0.2477515772145452,
    -0.030634689139002247, 0.09829032913319226, -0.05522323095725811, 1.0]
  corr_log10:
  - [1.0, -0.8408514516873394, 0.09020362158655641, -0.44999685435472914, 0.2428465071058936,
    -0.3530646658002087, 0.4636098318160028, -0.05022241479854595]
  - [-0.8408514516873394, 1.0, -0.029600772756654563, 0.050528521480933744, -0.5065296762710595,
    0.004060951219639709, -0.36125580606967245, -0.05202976145125904]
  - [0.0902036215865564, -0.02960077275665456, 1.0, 0.3545390093212196, -0.744759281466166,
    0.12941659553305454, -0.6322107877342857, -0.33981841790738965]
  - [-0.44999685435472914, 0.05052852148093374, 0.35453900932121957, 0.9999999999999998,
    -0.04985474328889677, 0.6290093668179454, -0.5911314090453957, -0.27205082062931873]
  - [0.2428465071058936, -0.5065296762710594, -0.744759281466166, -0.04985474328889677,
    1.0, 0.050090624566213965, 0.6420938754345907, 0.09392003558196564]
  - [-0.3530646658002087, 0.004060951219639709, 0.12941659553305454, 0.6290093668179454,
    0.05009062456621397, 1.0, -0.545239025714387, 0.019051162848132023]
  - [0.4636098318160028, -0.36125580606967245, -0.6322107877342857, -0.5911314090453957,
    0.6420938754345907, -0.545239025714387, 1.0, 0.054573748247350055]
  - [-0.05022241479854595, -0.052029761451259045, -0.33981841790738965, -0.27205082062931873,
    0.09392003558196564, 0.019051162848132023, 0.05457374824735005, 0.9999999999999999]
  cov:
  - [1.0987782858280394e-14, -286.2107633193985, 0.04875812129947966, -0.16360356555712402,
    -7.8739815503937945e-31, -4.706653502082987e-23, 1.840367488813302e-14, -1.88541522097217e-14]
  - [-286.2107633193985, 1.072907937158464e+19, 888661844671915.1, 2260575742394268.0,
    -1.9035033096457801e-13, -8.197377180182609e-08, -673.3059231226272, -250.52880767576093]
  - [0.04875812129947966, 888661844671915.1, 11556946052871.0, 5503719582773.074,
    -4.887511358916256e-16, 1.3079382230936645e-09, -1.5540603821632255, -0.9804347869615204]
  - [-0.16360356555712402, 2260575742394268.0, 5503719582773.074, 12767204836542.252,
    -2.0531606109843322e-17, 4.068629617860265e-09, -1.4269424673678353, -1.1292742927934352]
  - [-7.8739815503937945e-31, -1.9035033096457801e-13, -4.887511358916256e-16, -2.0531606109843322e-17,
    3.510458147011387e-44, 1.7840575694012758e-38, 8.292391191682927e-29, -7.322012708018464e-30]
  - [-4.706653502082987e-23, -8.197377180182609e-08, 1.3079382230936645e-09, 4.068629617860265e-09,
    1.7840575694012758e-38, 2.6849776887553138e-30, -6.101744357665997e-22, 2.0545477097964562e-22]
  - [1.840367488813302e-14, -673.3059231226272, -1.5540603821632255, -1.4269424673678353,
    8.292391191682927e-29, -6.101744357665997e-22, 5.376499301590255e-13, -5.1654327297280904e-14]
  - [-1.88541522097217e-14, -250.52880767576093, -0.9804347869615204, -1.1292742927934352,
    -7.322012708018464e-30, 2.0545477097964562e-22, -5.1654327297280904e-14, 1.627309656358206e-12]
  cov_log10:
  - [0.011689711082867617, -0.009390801452314586, 0.00026036680677254546, -0.006682646443325769,
    0.004769973315057398, -0.009769296197155391, 0.010382846316759226, -0.0012407447786854087]
  - [-0.009390801452314586, 0.010669964704265775, -8.162896574466365e-05, 0.0007168944197752723,
    -0.009505360343583763, 0.00010735354656467584, -0.007729621474307588, -0.001228050716943069]
  - [0.00026036680677254546, -8.162896574466365e-05, 0.0007127209212793305, 0.0013000525230895228,
    -0.003612084298451412, 0.0008842129210128589, -0.003496097656980819, -0.0020729539005408986]
  - [-0.006682646443325769, 0.0007168944197752723, 0.0013000525230895228, 0.018865756990607538,
    -0.001244015529095636, 0.022110642521008736, -0.01681833710565339, -0.008538274935652046]
  - [0.004769973315057398, -0.009505360343583763, -0.003612084298451412, -0.001244015529095636,
    0.03300383435443507, 0.002328872853335571, 0.02416254224529987, 0.0038987323769154652]
  - [-0.009769296197155391, 0.00010735354656467584, 0.0008842129210128589, 0.022110642521008736,
    0.002328872853335571, 0.06549592267979479, -0.02890386798394204, 0.0011140677399895508]
  - [0.010382846316759226, -0.007729621474307588, -0.003496097656980819, -0.01681833710565339,
    0.02416254224529987, -0.02890386798394204, 0.04290657011248741, 0.0025830252972405916]
  - [-0.0012407447786854087, -0.001228050716943069, -0.0020729539005408986, -0.008538274935652046,
    0.0038987323769154652, 0.0011140677399895508, 0.0025830252972405916, 0.05221147395513668]
  length of chains: [9083, 26031, 30001, 5147, 30001, 7258, 15515, 10206, 11987, 13380,
    9764, 22292, 5189, 28607, 13810, 12880, 17396, 23613, 12117]
  max_samples: 30000
  mean: [4.528027945127129e-07, 13103026224.433552, 56837050.0976292, 10936970.658057988,
    3.6885001964303522e-22, 2.7472197485456483e-15, 1.7722071313045275e-06, 2.746496463265586e-06]
  mean_log10: [-6.344090901524498, 10.117371610219974, 7.7546315295023165, 7.038897046981443,
    -21.433150189077335, -14.561106600221317, -5.75148552018855, -5.5612209558944805]
  proposal_std: 0.2
  surrogate_is_updated: true
  time_limit: 28800
  type: DAMH
