best_fit_L2:
  parameters: [4.3139769075403873e-07, 10770878690.022057, 60066227.9436183, 17212444.136095878,
    3.119271829577193e-22, 1.9724789372016124e-15, 1.1799052719899722e-06, 2.011520209738941e-06]
  parameters_log: [-14.656235455917043, 23.10011191160396, 17.910958310508406, 16.661143176471057,
    -49.51927245924285, -33.85948529945459, -13.65007640068375, -13.116619798508387]
  parameters_log10: [-6.365122183979563, 10.032251134557178, 7.778630359852991, 7.235842543741398,
    -21.50594677691284, -14.704987625637402, -5.928152858374753, -5.696475599715135]
estimated_distributions:
- {mu: 6.952757138932375e-07, mu_log10: -6.279704016785344, name: storativity, sigma: 4.985725086717866e-07,
  sigma_log10: 0.32763238308710196}
- {mu: 14744662793.885366, mu_log10: 10.118199338395085, name: young_modulus, sigma: 6158671581.689725,
  sigma_log10: 0.22667265201442585}
- {mu: 56152210.5255423, mu_log10: 7.745130328140566, name: init_stress_x, sigma: 7421830.420669779,
  sigma_log10: 0.06239316007231023}
- {mu: 13373306.65203096, mu_log10: 7.078261184404096, name: init_stress_y, sigma: 6195626.603955736,
  sigma_log10: 0.20809526313591006}
- {mu: 2.7216795169147637e-22, mu_log10: -21.62067127321143, name: perm_kr, sigma: 1.5861275221485599e-22,
  sigma_log10: 0.20710294972409413}
- {mu: 2.3699429624254785e-15, mu_log10: -14.855360701515734, name: perm_km, sigma: 2.2722799528007054e-15,
  sigma_log10: 0.4760689139916293}
- {mu: 1.6226676426149807e-06, mu_log10: -5.806012717454492, name: perm_beta, sigma: 4.4978086343885344e-07,
  sigma_log10: 0.11822948368083439}
- {mu: 2.102818726496616e-06, mu_log10: -5.698754169219165, name: perm_gamma, sigma: 6.189684059511176e-07,
  sigma_log10: 0.1416632286253932}
mode: [4.3139769075403873e-07, 10770878690.022057, 60066227.9436183, 17212444.136095878,
  3.119271829577193e-22, 1.9724789372016124e-15, 1.1799052719899722e-06, 2.011520209738941e-06]
no chains: 38
no parameters: 8
samplers_list:
- N samples [a, r, pr, all]: [84, 5863, 0, 5947]
  SD: [8.626767512162688e-08, 2421018127.92915, 2157816.3881897554, 3401335.0271317274,
    1.0689895728813422e-22, 1.5226354845512027e-15, 7.113262372652176e-07, 6.454313914023499e-07]
  SD_log10: [0.08070799392317564, 0.07969900305192999, 0.016000153511701903, 0.13572208353778178,
    0.12391336406850131, 0.23276741073203921, 0.16503372696555593, 0.11207374841451209]
  acceptance ratio [a/r, a/all]: [0.01432713627835579, 0.014124768790987053]
  accepted,rejected,pre-rejected,sum,seed:
  - [4, 304, 0, 308, 2]
  - [7, 309, 0, 316, 1002]
  - [2, 318, 0, 320, 10002]
  - [4, 313, 0, 317, 11002]
  - [7, 312, 0, 319, 12002]
  - [8, 316, 0, 324, 13002]
  - [4, 310, 0, 314, 14002]
  - [4, 304, 0, 308, 15002]
  - [5, 310, 0, 315, 16002]
  - [4, 309, 0, 313, 17002]
  - [5, 306, 0, 311, 18002]
  - [2, 316, 0, 318, 2002]
  - [4, 299, 0, 303, 3002]
  - [6, 307, 0, 313, 4002]
  - [1, 318, 0, 319, 5002]
  - [5, 313, 0, 318, 6002]
  - [1, 292, 0, 293, 7002]
  - [6, 306, 0, 312, 8002]
  - [5, 301, 0, 306, 9002]
  corr:
  - [1.0, -0.7845559410804623, -0.18858197476498195, -0.2544997217838995, 0.5054521057794419,
    -0.2863068039074188, 0.45082796842048795, 0.1279991896040644]
  - [-0.7845559410804623, 1.0, 0.13943115868015815, -0.19500241363044107, -0.604052185288893,
    0.1546907274491696, -0.2975793069274218, -0.07562022315045908]
  - [-0.18858197476498195, 0.13943115868015812, 1.0, 0.469642672394657, -0.46099968088695864,
    0.0743878701647191, -0.36216781990231156, -0.24652036055230353]
  - [-0.2544997217838995, -0.19500241363044107, 0.469642672394657, 1.0, 0.1194329509472511,
    0.09822819865975423, -0.27481410448822896, -0.38557260819386274]
  - [0.505452105779442, -0.6040521852888932, -0.46099968088695864, 0.1194329509472511,
    1.0, -0.2542443177885666, 0.5762594640141881, -0.16214527571754803]
  - [-0.2863068039074188, 0.1546907274491696, 0.07438787016471911, 0.09822819865975423,
    -0.25424431778856665, 0.9999999999999999, -0.2726696291861978, 0.36765625681193354]
  - [0.450827968420488, -0.29757930692742185, -0.36216781990231156, -0.27481410448822896,
    0.5762594640141881, -0.2726696291861978, 1.0, -0.16910069273912876]
  - [0.12799918960406442, -0.07562022315045906, -0.24652036055230353, -0.38557260819386274,
    -0.16214527571754803, 0.36765625681193354, -0.16910069273912876, 1.0]
  corr_log10:
  - [1.0, -0.8308163234419957, -0.21483295149868442, -0.2048509450118065, 0.5884095755331001,
    -0.21956516910595736, 0.38774940429792726, 0.25510273973762027]
  - [-0.8308163234419957, 1.0, 0.12291902522493792, -0.25787700835526695, -0.7513064776860809,
    0.13432408541164859, -0.23940345222715995, -0.14759930190096393]
  - [-0.21483295149868445, 0.1229190252249379, 0.9999999999999998, 0.4528307232768739,
    -0.4874528775613341, 0.1631457157988553, -0.3332633470464248, -0.2597379380641027]
  - [-0.2048509450118065, -0.2578770083552669, 0.45283072327687396, 1.0, 0.18498834535448974,
    0.08263059574782333, -0.26790858060696904, -0.4052388217977163]
  - [0.5884095755331001, -0.7513064776860809, -0.4874528775613341, 0.18498834535448974,
    1.0, -0.2451086542109258, 0.46018564744091345, -0.053168927154642484]
  - [-0.21956516910595736, 0.13432408541164859, 0.1631457157988553, 0.08263059574782332,
    -0.24510865421092579, 1.0, -0.21904440125636454, 0.2630859449619176]
  - [0.38774940429792726, -0.23940345222715992, -0.3332633470464248, -0.26790858060696904,
    0.4601856474409135, -0.21904440125636457, 1.0, -0.13968337297327751]
  - [0.2551027397376203, -0.14759930190096393, -0.2597379380641027, -0.40523882179771625,
    -0.05316892715464249, 0.2630859449619176, -0.13968337297327751, 1.0]
  cov:
  - [7.443359400692945e-15, -163.88637604439367, -0.035110382559060904, -0.07468916746877276,
    4.662022598930343e-30, -3.761391256773616e-23, 2.7669453026175687e-14, 7.128172471647816e-15]
  - [-163.88637604439367, 5.8623113958414e+18, 728526184859354.1, -1606054359877693.2,
    -1.563575192015444e-13, 5.703363747859953e-07, -512.5572704849488, -118.18405339206767]
  - [-0.035110382559060904, 728526184859354.1, 4656952147129.355, 3447499805162.301,
    -1.0635584978894481e-16, 2.4444736446803386e-10, -0.5559887127492081, -0.34339199469664566]
  - [-0.07468916746877276, -1606054359877693.2, 3447499805162.301, 11571019460501.088,
    4.3433001658323254e-17, 5.088084779487681e-10, -0.6650128833823505, -0.8466004009072252]
  - [4.662022598930343e-30, -1.563575192015444e-13, -1.0635584978894481e-16, 4.3433001658323254e-17,
    1.1429302808950012e-44, -4.138981375845967e-38, 4.382613467511073e-29, -1.1189241660735851e-29]
  - [-3.761391256773616e-23, 5.703363747859953e-07, 2.4444736446803386e-10, 5.088084779487681e-10,
    -4.138981375845967e-38, 2.318807489194862e-30, -2.953754138750994e-22, 3.6137723694701352e-22]
  - [2.7669453026175687e-14, -512.5572704849488, -0.5559887127492081, -0.6650128833823505,
    4.382613467511073e-29, -2.953754138750994e-22, 5.060698414741848e-13, -7.764922040037933e-14]
  - [7.128172471647816e-15, -118.18405339206767, -0.34339199469664566, -0.8466004009072252,
    -1.1189241660735851e-29, 3.6137723694701352e-22, -7.764922040037933e-14, 4.166515186741268e-13]
  cov_log10:
  - [0.006514872283150827, -0.005344994507416202, -0.0002774689547770533, -0.0022442841561495057,
    0.005885552430390011, -0.004125484652735173, 0.005165509925749557, 0.002307854229304979]
  - [-0.005344994507416202, 0.006352995954376347, 0.00015677216174573755, -0.0027899012488521056,
    -0.007420975038820391, 0.002492308265074319, -0.0031494071278825543, -0.0013186024880876264]
  - [-0.0002774689547770533, 0.00015677216174573755, 0.0002560478302374778, 0.0009835203569779208,
    -0.0009666021049937751, 0.0006077077848721002, -0.000880151046513851, -0.00046583942025454206]
  - [-0.0022442841561495057, -0.0027899012488521056, 0.0009835203569779208, 0.018423572054381453,
    0.0031116148433727405, 0.002610876796872638, -0.006001815628228588, -0.0061650735294512884]
  - [0.005885552430390011, -0.007420975038820391, -0.0009666021049937751, 0.0031116148433727405,
    0.01535709589733721, -0.007070852366898574, 0.009412320903720845, -0.0007385038153917309]
  - [-0.004125484652735173, 0.002492308265074319, 0.0006077077848721002, 0.002610876796872638,
    -0.007070852366898574, 0.05418975059487295, -0.008415885946890645, 0.00686430419516334]
  - [0.005165509925749557, -0.0031494071278825543, -0.000880151046513851, -0.006001815628228588,
    0.009412320903720845, -0.008415885946890645, 0.027240697026255967, -0.0025840095808965986]
  - [0.002307854229304979, -0.0013186024880876264, -0.00046583942025454206, -0.0061650735294512884,
    -0.0007385038153917309, 0.00686430419516334, -0.0025840095808965986, 0.012562630787800852]
  length of chains: [309, 317, 321, 318, 320, 325, 315, 309, 316, 314, 312, 319, 304,
    314, 320, 319, 294, 313, 307]
  max_samples: 10000
  mean: [4.784643699188032e-07, 12088508814.75935, 58444751.89094068, 11643261.16102609,
    3.205687951271623e-22, 2.281567321979873e-15, 1.9295292120820288e-06, 2.459518653845454e-06]
  mean_log10: [-6.320150397539788, 10.082372731508974, 7.766745519310784, 7.066074638894057,
    -21.49407875510619, -14.641766712018207, -5.714548642047239, -5.609149879251661]
  proposal_std: 0.1
  surrogate_is_updated: true
  time_limit: 10800
  type: MH
- N samples [a, r, pr, all]: [12, 15594, 252013, 267619]
  SD: [2.4862373831051817e-07, 3706023666.1996436, 2843682.4823217373, 5941930.10167787,
    1.244248099447235e-22, 2.533829756786408e-15, 8.151325163476325e-07, 8.014985721646841e-07]
  SD_log10: [0.17959537515781787, 0.14616933781426544, 0.020967681293269917, 0.21875924689563775,
    0.1616485203125431, 0.4089781788716945, 0.18188335537326872, 0.12247444700163511]
  acceptance ratio [a/r, a/all]: [0.0007695267410542517, 4.483986562986933e-05]
  accepted,rejected,pre-rejected,sum,seed:
  - [0, 846, 4101, 4947, 3]
  - [0, 810, 21944, 22754, 1003]
  - [0, 818, 11522, 12340, 10003]
  - [0, 854, 4818, 5672, 11003]
  - [0, 836, 5997, 6833, 12003]
  - [6, 796, 29198, 30000, 13003]
  - [0, 842, 7329, 8171, 14003]
  - [0, 803, 12492, 13295, 15003]
  - [0, 827, 15348, 16175, 16003]
  - [0, 839, 5281, 6120, 17003]
  - [5, 825, 23735, 24565, 18003]
  - [0, 816, 11597, 12413, 2003]
  - [0, 838, 3983, 4821, 3003]
  - [0, 816, 17567, 18383, 4003]
  - [0, 819, 12154, 12973, 5003]
  - [0, 828, 11828, 12656, 6003]
  - [0, 798, 14044, 14842, 7003]
  - [0, 803, 11052, 11855, 8003]
  - [1, 780, 28023, 28804, 9003]
  corr:
  - [1.0, -0.8185912757504438, -0.10372441463067106, -0.43206581842000763, 0.7827148305508094,
    -0.5800256898231678, 0.18506702741330874, 0.06230088531607903]
  - [-0.8185912757504438, 0.9999999999999999, 0.03116149343221332, 0.21421529032335174,
    -0.8358256239819152, 0.7067308351135093, -0.23511347154301618, 0.06484882459776968]
  - [-0.10372441463067106, 0.031161493432213323, 0.9999999999999999, 0.7767718994301003,
    -0.18020270989403528, 0.3216117042875647, -0.3453872310149801, -0.4631076512121126]
  - [-0.43206581842000763, 0.21421529032335174, 0.7767718994301004, 1.0, -0.2427977009073256,
    0.3263294618417641, -0.3374478042027687, -0.5519377425231724]
  - [0.7827148305508093, -0.8358256239819152, -0.18020270989403528, -0.2427977009073256,
    1.0, -0.6857509235856081, 0.43002107556041386, -0.09884603273092013]
  - [-0.5800256898231678, 0.7067308351135094, 0.3216117042875647, 0.3263294618417641,
    -0.6857509235856081, 1.0, -0.3166877120708426, 0.12040948831903113]
  - [0.18506702741330877, -0.2351134715430162, -0.34538723101498003, -0.3374478042027687,
    0.4300210755604138, -0.3166877120708426, 1.0, -0.1737456793275406]
  - [0.06230088531607904, 0.0648488245977697, -0.4631076512121126, -0.5519377425231724,
    -0.09884603273092013, 0.12040948831903113, -0.1737456793275406, 1.0]
  corr_log10:
  - [1.0, -0.9172343675063103, -0.2603618853483477, -0.43176067214811664, 0.8211683592341172,
    -0.7302529397147582, 0.30796144123008995, 0.20244691634495407]
  - [-0.9172343675063103, 0.9999999999999998, -0.034361188841404953, 0.09123454546954715,
    -0.8641972088396493, 0.7279746431987996, -0.18721827000392433, -0.02712383291554763]
  - [-0.2603618853483477, -0.034361188841404953, 1.0, 0.7041772040387368, -0.252475056206019,
    0.23904144067337685, -0.3797494346932415, -0.5049042386195426]
  - [-0.43176067214811664, 0.09123454546954717, 0.7041772040387368, 1.0, -0.137507044091948,
    0.15190893806700487, -0.37843327205421273, -0.551683334495914]
  - [0.8211683592341172, -0.8641972088396493, -0.252475056206019, -0.137507044091948,
    1.0, -0.7185935259053419, 0.4156948718756637, 0.015034366535153589]
  - [-0.7302529397147582, 0.7279746431987996, 0.23904144067337685, 0.15190893806700484,
    -0.718593525905342, 1.0, -0.2559940896707255, 0.023976983628228594]
  - [0.30796144123009, -0.18721827000392433, -0.3797494346932415, -0.37843327205421273,
    0.4156948718756637, -0.25599408967072546, 1.0, -0.12844395135719114]
  - [0.20244691634495407, -0.027123832915547635, -0.5049042386195426, -0.551683334495914,
    0.015034366535153589, 0.023976983628228598, -0.1284439513571911, 1.0]
  cov:
  - [6.181399421281943e-14, -754.2572876784673, -0.07333415803794757, -0.6382953246471382,
    2.4213343530631205e-29, -3.6540028039956885e-22, 3.75060632846242e-14, 1.2414841694653651e-14]
  - [-754.2572876784673, 1.3734662732541133e+19, 328404558634303.25, 4717238305428456.0,
    -3.8541843028472793e-13, 6.636533384502079e-06, -710.2570332453575, 192.6258964379315]
  - [-0.07333415803794757, 328404558634303.25, 8086560274811.954, 13125134728464.672,
    -6.376039942452409e-17, 2.3173519779787744e-09, -0.8006030142008512, -1.0555223522998134]
  - [-0.6382953246471382, 4717238305428456.0, 13125134728464.672, 35306665252785.06,
    -1.7950672246533992e-16, 4.913182295347226e-09, -1.6344211956195007, -2.6285848911967724]
  - [2.4213343530631205e-29, -3.8541843028472793e-13, -6.376039942452409e-17, -1.7950672246533992e-16,
    1.548159117499612e-44, -2.1619838330122776e-37, 4.3614065122777696e-29, -9.857586688288256e-30]
  - [-3.6540028039956885e-22, 6.636533384502079e-06, 2.3173519779787744e-09, 4.913182295347226e-09,
    -2.1619838330122776e-37, 6.420317225192355e-30, -6.540914693872689e-22, 2.4453583937129264e-22]
  - [3.75060632846242e-14, -710.2570332453575, -0.8006030142008512, -1.6344211956195007,
    4.3614065122777696e-29, -6.540914693872689e-22, 6.644435018257949e-13, -1.1351326277640283e-13]
  - [1.2414841694653651e-14, 192.6258964379315, -1.0555223522998134, -2.6285848911967724,
    -9.857586688288256e-30, 2.4453583937129264e-22, -1.1351326277640283e-13, 6.42402361447101e-13]
  cov_log10:
  - [0.0322546192939068, -0.024078718513104655, -0.0009804480473759813, -0.016963141007294843,
    0.023839695945367233, -0.05363770929269614, 0.010059724157546699, 0.004453007480307829]
  - [-0.024078718513104655, 0.021365555147084384, -0.00010531166770186854, 0.002917317078981475,
    -0.020419377353753168, 0.043518537429671905, -0.004977360391272284, -0.00048557291030551617]
  - [-0.0009804480473759813, -0.00010531166770186854, 0.0004396453015027804, 0.0032299842959927698,
    -0.0008557408035197026, 0.0020498654887127557, -0.0014482452839029657, -0.0012966015403963816]
  - [-0.016963141007294843, 0.002917317078981475, 0.0032299842959927698, 0.04785578691031146,
    -0.00486255719010125, 0.013591002952125428, -0.015057411266489728, -0.01478098561316294]
  - [0.023839695945367233, -0.020419377353753168, -0.0008557408035197026, -0.00486255719010125,
    0.026130341752436146, -0.04750691106041207, 0.012221963451035532, 0.00029764869138176376]
  - [-0.05363770929269614, 0.043518537429671905, 0.0020498654887127557, 0.013591002952125428,
    -0.04750691106041207, 0.1672637757565467, -0.019042530305263507, 0.0012009966427213596]
  - [0.010059724157546699, -0.004977360391272284, -0.0014482452839029657, -0.015057411266489728,
    0.012221963451035532, -0.019042530305263507, 0.033081678567816734, -0.0028612362903804463]
  - [0.004453007480307829, -0.00048557291030551617, -0.0012966015403963816, -0.01478098561316294,
    0.00029764869138176376, 0.0012009966427213596, -0.0028612362903804463, 0.015000046214395414]
  length of chains: [4948, 22755, 12341, 5673, 6834, 30001, 8172, 13296, 16176, 6121,
    24566, 12414, 4822, 18384, 12974, 12657, 14843, 11856, 28805]
  max_samples: 30000
  mean: [5.074948180541114e-07, 12251682995.163507, 58632623.974540815, 12305032.04469945,
    3.2158667305024303e-22, 3.24684365019305e-15, 1.784982484974891e-06, 2.6881399832067116e-06]
  mean_log10: [-6.294568387901438, 10.088195751174666, 7.768139330517114, 7.090082749027689,
    -21.492701957251526, -14.48853862406056, -5.748366041017376, -5.570548119416091]
  proposal_std: 0.2
  surrogate_is_updated: true
  time_limit: 28800
  type: DAMH
