best_fit_L2:
  parameters: [4.3406433929193556e-08, 152282510835.71432, 27866340.237005796, 1161170.8456951897,
    3.7928865094050095e-22, 6.246367117704042e-18, 4.18464642580775e-07, 9.93883528128574e-08]
  parameters_log: [-16.952658159611143, 25.74900325660764, 17.142930075335165, 13.964939403768845,
    -49.323744704673686, -39.61453164030963, -14.686673436653473, -16.124230905070352]
  parameters_log10: [-7.362445892311256, 11.182650028853558, 7.44507993537136, 6.064896123170097,
    -21.42103015204452, -17.204372494568247, -6.378341231053671, -7.00266450700593]
estimated_distributions:
- {mu: 1.2025984484276457e-07, mu_log10: -7.005027732146792, name: storativity, sigma: 8.826711465271338e-08,
  sigma_log10: 0.2635232804299886}
- {mu: 113667943095.75027, mu_log10: 10.96450569394825, name: young_modulus, sigma: 81735531373.68478,
  sigma_log10: 0.2835367642160738}
- {mu: 51567523.194078326, mu_log10: 7.690385075056814, name: init_stress_x, sigma: 16292143.169921802,
  sigma_log10: 0.1397137175924321}
- {mu: 11861973.984474778, mu_log10: 6.938595996805605, name: init_stress_y, sigma: 9779575.159737496,
  sigma_log10: 0.3498850131887198}
- {mu: 9.793070986905422e-22, mu_log10: -21.123753476074807, name: perm_kr, sigma: 8.233351783556388e-22,
  sigma_log10: 0.3081385975631464}
- {mu: 4.621834019683855e-18, mu_log10: -17.79254247611779, name: perm_km, sigma: 1.4786650699363993e-17,
  sigma_log10: 0.5183319169804017}
- {mu: 3.5527346212143444e-07, mu_log10: -6.513707650394004, name: perm_beta, sigma: 2.446621570081625e-07,
  sigma_log10: 0.2169044523104784}
- {mu: 5.051237938507709e-07, mu_log10: -6.400027819108309, name: perm_gamma, sigma: 3.8832654333080257e-07,
  sigma_log10: 0.3020053410817032}
mode: [1.4842324972776193e-07, 75708880616.47034, 51517333.90720032, 8113801.004653391,
  1.3836937061585096e-21, 1.0360367911101091e-18, 3.562568319952002e-07, 1.1136344762042043e-06]
no chains: 38
no parameters: 8
samplers_list:
- N samples [a, r, pr, all]: [265, 6769, 0, 7034]
  SD: [4.8799254320100667e-08, 38272224668.70827, 12574662.080442674, 8186049.269982026,
    6.434306298977025e-22, 2.2766265665663843e-18, 1.852096825664722e-07, 2.1950779921345346e-07]
  SD_log10: [0.16504699932560515, 0.1734398485690056, 0.09716685167021098, 0.2746986326059523,
    0.25158709424547165, 0.33218610748186933, 0.1893597095117023, 0.2178269304343848]
  acceptance ratio [a/r, a/all]: [0.039149061899837495, 0.0376741541086153]
  accepted,rejected,pre-rejected,sum,seed:
  - [13, 347, 0, 360, 2]
  - [12, 355, 0, 367, 1002]
  - [12, 351, 0, 363, 10002]
  - [22, 350, 0, 372, 11002]
  - [10, 375, 0, 385, 12002]
  - [10, 340, 0, 350, 13002]
  - [10, 365, 0, 375, 14002]
  - [7, 350, 0, 357, 15002]
  - [23, 346, 0, 369, 16002]
  - [15, 362, 0, 377, 17002]
  - [17, 354, 0, 371, 18002]
  - [13, 379, 0, 392, 2002]
  - [14, 369, 0, 383, 3002]
  - [15, 348, 0, 363, 4002]
  - [29, 338, 0, 367, 5002]
  - [9, 356, 0, 365, 6002]
  - [9, 367, 0, 376, 7002]
  - [12, 356, 0, 368, 8002]
  - [13, 361, 0, 374, 9002]
  corr:
  - [1.0, -0.747867578141935, -0.16091860905829414, -0.2769864701928066, 0.29661281388509025,
    -0.057258121430738815, 0.11022538834727649, -0.04639544585948272]
  - [-0.747867578141935, 0.9999999999999998, 0.34265567749122977, 0.149573585661674,
    -0.23137890994263785, -0.16521708004888924, 0.15469256185586014, -0.06935413002631689]
  - [-0.1609186090582941, 0.3426556774912297, 1.0, 0.8177846685027004, 0.1081970660294691,
    -0.20497733811748448, 0.10069315747699611, -0.2670774195181472]
  - [-0.2769864701928066, 0.149573585661674, 0.8177846685027004, 1.0, -0.01278321416010224,
    -0.03532325988442788, -0.26755678314638826, -0.19551757039078185]
  - [0.29661281388509025, -0.23137890994263785, 0.1081970660294691, -0.012783214160102242,
    0.9999999999999999, -0.0982924018037833, 0.012045979538565895, 0.015881486622139843]
  - [-0.05725812143073882, -0.16521708004888927, -0.2049773381174845, -0.03532325988442788,
    -0.0982924018037833, 1.0, 0.08559513530358673, -0.012710514743850966]
  - [0.11022538834727649, 0.15469256185586014, 0.10069315747699611, -0.26755678314638826,
    0.012045979538565895, 0.08559513530358673, 1.0, -0.06297983102140815]
  - [-0.04639544585948272, -0.06935413002631689, -0.2670774195181472, -0.19551757039078185,
    0.015881486622139843, -0.012710514743850966, -0.06297983102140815, 1.0]
  corr_log10:
  - [0.9999999999999998, -0.789447275142849, -0.07191263065719185, -0.13401264088587955,
    0.29147020959776615, 0.09003991036909878, 0.1511642909579728, -0.054930798771559784]
  - [-0.7894472751428491, 1.0, 0.4589766142584494, 0.17295632990780174, -0.16300919392723198,
    -0.24766669167194036, 0.20198562135528172, -0.010622947154750907]
  - [-0.07191263065719185, 0.4589766142584493, 0.9999999999999999, 0.7517666230977015,
    0.3067609509794978, -0.17674885478897018, 0.11681082372040563, -0.25440048767773166]
  - [-0.13401264088587955, 0.17295632990780174, 0.7517666230977014, 1.0, 0.14276464131431227,
    -0.028596355474213433, -0.24483677655580488, -0.1236190360074504]
  - [0.2914702095977661, -0.16300919392723198, 0.3067609509794978, 0.14276464131431227,
    1.0, 0.07222633108504112, 0.13669802189127353, -0.029347324482081005]
  - [0.09003991036909878, -0.24766669167194036, -0.17674885478897018, -0.02859635547421343,
    0.07222633108504112, 1.0, 0.1711977380748881, -0.006609380745667362]
  - [0.1511642909579728, 0.20198562135528172, 0.11681082372040563, -0.24483677655580488,
    0.13669802189127353, 0.1711977380748881, 1.0, 0.019039928299763958]
  - [-0.054930798771559784, -0.010622947154750907, -0.25440048767773166, -0.1236190360074504,
    -0.029347324482081, -0.006609380745667363, 0.019039928299763958, 1.0]
  cov:
  - [2.381704908984943e-15, -1396.9574539323428, -0.09875915356146797, -0.11066433435407054,
    9.314647111800986e-30, -6.362146432460012e-27, 9.963687341756217e-16, -4.970499954817898e-16]
  - [-1396.9574539323428, 1.4649708899946086e+21, 1.6492995586856973e+17, 4.686779771389015e+16,
    -5.6986343237397705e-12, -1.439766384520535e-08, 1096.676170532256, -582.7302610684785]
  - [-0.09875915356146797, 1.6492995586856973e+17, 158144548746800.6, 84192076658233.77,
    8.755382392790233e-16, -5.868884352089913e-12, 0.23454250005123026, -0.7373013520080411]
  - [-0.11066433435407054, 4.686779771389015e+16, 84192076658233.77, 67020905118332.64,
    -6.734071612232286e-17, -6.583980113853938e-13, -0.405709883432416, -0.3513756660181924]
  - [9.314647111800986e-30, -5.6986343237397705e-12, 8.755382392790233e-16, -6.734071612232286e-17,
    4.140616826623548e-43, -1.4400416663227478e-40, 1.4357179163367742e-30, 2.2433881425962933e-30]
  - [-6.362146432460012e-27, -1.439766384520535e-08, -5.868884352089913e-12, -6.583980113853938e-13,
    -1.4400416663227478e-40, 5.183763496443951e-36, 3.609658777642724e-26, -6.352818883517258e-27]
  - [9.963687341756217e-16, 1096.676170532256, 0.23454250005123026, -0.405709883432416,
    1.4357179163367742e-30, 3.609658777642724e-26, 3.430749075722952e-14, -2.5608062094360944e-15]
  - [-4.970499954817898e-16, -582.7302610684785, -0.7373013520080411, -0.3513756660181924,
    2.2433881425962933e-30, -6.352818883517258e-27, -2.5608062094360944e-15, 4.8190506540876426e-14]
  cov_log10:
  - [0.027244374792963613, -0.022601706391675584, -0.001153433393081087, -0.0060767514928393405,
    0.012104636316797927, 0.004937256984113708, 0.0047250455898993566, -0.001975134609492099]
  - [-0.022601706391675584, 0.030085646724090177, 0.007736047988566723, 0.008241446136658418,
    -0.00711395190812982, -0.01427116851770129, 0.0066346573621833245, -0.00040139047130597304]
  - [-0.001153433393081087, 0.007736047988566723, 0.009442735888949233, 0.02006870037902792,
    0.0075001188611922166, -0.0057058163044814685, 0.0021495639828946825, -0.005385291579000189]
  - [-0.0060767514928393405, 0.008241446136658418, 0.02006870037902792, 0.07547003917230638,
    0.009867953527313875, -0.0026098180502068208, -0.012737444643308555, -0.007398011497968897]
  - [0.012104636316797927, -0.00711395190812982, 0.0075001188611922166, 0.009867953527313875,
    0.06330504160999464, 0.006037080396084179, 0.006513279995201905, -0.0016085331841470389]
  - [0.004937256984113708, -0.01427116851770129, -0.0057058163044814685, -0.0026098180502068208,
    0.006037080396084179, 0.11036325770815268, 0.010770320990777243, -0.00047831652841474296]
  - [0.0047250455898993566, 0.0066346573621833245, 0.0021495639828946825, -0.012737444643308555,
    0.006513279995201905, 0.010770320990777243, 0.035862184257312676, 0.0007854635553322638]
  - [-0.001975134609492099, -0.00040139047130597304, -0.005385291579000189, -0.007398011497968897,
    -0.0016085331841470389, -0.00047831652841474296, 0.0007854635553322638, 0.047455300007551916]
  length of chains: [361, 368, 364, 373, 386, 351, 376, 358, 370, 378, 372, 393, 384,
    364, 368, 366, 377, 369, 375]
  max_samples: 10000
  mean: [1.1681319151489424e-07, 107426266727.31647, 57728501.12490772, 13140289.31369353,
    1.052229146187459e-21, 1.74273597834294e-18, 3.6092372275770505e-07, 4.801181101178746e-07]
  mean_log10: [-6.9325081103175314, 11.031110483411934, 7.761390281530637, 7.118604927320979,
    -20.97788967264619, -17.75876840281196, -6.442584571738849, -6.3186519120772395]
  proposal_std: 0.1
  surrogate_is_updated: true
  time_limit: 10800
  type: MH
- N samples [a, r, pr, all]: [726, 6117, 563060, 569903]
  SD: [1.0520807747476964e-07, 109650469612.67026, 17671240.513551336, 12642247.248573946,
    8.320524841640625e-22, 3.1972790053522347e-17, 3.0779601691226856e-07, 3.902191865030689e-07]
  SD_log10: [0.28242322153530747, 0.3269344872008045, 0.14363959311357163, 0.40782502855261027,
    0.32737491187960815, 0.6781234291270793, 0.2595904882058748, 0.3198690045381922]
  acceptance ratio [a/r, a/all]: [0.1186856302108877, 0.0012739009971872407]
  accepted,rejected,pre-rejected,sum,seed:
  - [12, 402, 29586, 30000, 3]
  - [48, 342, 29610, 30000, 1003]
  - [45, 372, 29583, 30000, 10003]
  - [37, 236, 29727, 30000, 11003]
  - [73, 255, 29672, 30000, 12003]
  - [38, 233, 29729, 30000, 13003]
  - [31, 204, 29765, 30000, 14003]
  - [54, 367, 29579, 30000, 15003]
  - [58, 238, 29704, 30000, 16003]
  - [20, 197, 29783, 30000, 17003]
  - [11, 1049, 28843, 29903, 18003]
  - [51, 258, 29691, 30000, 2003]
  - [15, 341, 29644, 30000, 3003]
  - [43, 281, 29676, 30000, 4003]
  - [47, 247, 29706, 30000, 5003]
  - [43, 288, 29669, 30000, 6003]
  - [31, 279, 29690, 30000, 7003]
  - [38, 377, 29585, 30000, 8003]
  - [31, 151, 29818, 30000, 9003]
  corr:
  - [1.0, -0.4881341301773863, -0.06080567612998626, -0.04570121174873951, 0.7600645349654824,
    0.012333222452821802, -0.23291249157618227, 0.023834175570557052]
  - [-0.4881341301773864, 1.0, 0.3201920940658741, 0.008965145784024412, -0.3894442983682224,
    -0.10594793167312831, 0.541217724355377, -0.1465282440265618]
  - [-0.06080567612998627, 0.3201920940658741, 1.0, 0.7489664961430288, -0.004635727279577494,
    -0.2378112311547506, 0.12347893942201066, -0.1699821878826612]
  - [-0.04570121174873951, 0.008965145784024412, 0.7489664961430287, 1.0, -0.017237277867572693,
    -0.21583031920493725, -0.24316654047749828, 0.04963790535715345]
  - [0.7600645349654824, -0.38944429836822236, -0.004635727279577494, -0.017237277867572693,
    1.0, 0.09251235610251372, -0.10030866805196138, -0.011684202277253884]
  - [0.0123332224528218, -0.1059479316731283, -0.2378112311547506, -0.21583031920493728,
    0.09251235610251372, 1.0, 0.1422988575058319, -0.09387968449201779]
  - [-0.23291249157618227, 0.541217724355377, 0.12347893942201066, -0.24316654047749828,
    -0.10030866805196138, 0.1422988575058319, 1.0, -0.17021200030924982]
  - [0.023834175570557052, -0.1465282440265618, -0.16998218788266123, 0.04963790535715345,
    -0.011684202277253884, -0.09387968449201778, -0.17021200030924982, 1.0]
  corr_log10:
  - [1.0, -0.8747909119041987, -0.09633957356577744, -0.06980167016782805, 0.6572459472745645,
    0.17374008359569224, -0.3281454506565081, -0.004488729315849315]
  - [-0.8747909119041986, 1.0, 0.35617655174788176, 0.019659772197936135, -0.5320624008994858,
    -0.17354571467743193, 0.5411730117443354, -0.16370330553243065]
  - [-0.09633957356577744, 0.35617655174788176, 1.0, 0.6704360220900042, -0.008846673045090774,
    -0.3355963265909443, 0.0646711587606313, -0.1778975206161134]
  - [-0.06980167016782804, 0.019659772197936135, 0.6704360220900043, 1.0, -0.10832160658902996,
    -0.4270235013601336, -0.3260264460542735, 0.23490071473334256]
  - [0.6572459472745645, -0.5320624008994858, -0.008846673045090774, -0.10832160658902996,
    0.9999999999999998, 0.24211843968547614, 0.015896377198507162, -0.056409153547986125]
  - [0.17374008359569224, -0.17354571467743193, -0.3355963265909443, -0.4270235013601336,
    0.24211843968547617, 1.0, 0.3599815538853913, -0.18114038757805728]
  - [-0.3281454506565081, 0.5411730117443353, 0.0646711587606313, -0.3260264460542735,
    0.015896377198507162, 0.35998155388539127, 1.0, -0.21450703587179296]
  - [-0.004488729315849315, -0.16370330553243068, -0.1778975206161134, 0.23490071473334256,
    -0.056409153547986125, -0.18114038757805728, -0.21450703587179296, 0.9999999999999998]
  cov:
  - [1.1068758987470743e-14, -5631.181391642211, -0.11304751142859705, -0.06078575869148154,
    6.653513413248329e-29, 4.1486514348029445e-26, -7.542331617448456e-15, 9.784949756136144e-16]
  - [-5631.181391642211, 1.2023246582614814e+22, 6.204244442708485e+17, 1.2427761033743558e+16,
    -3.553099173158504e-11, -3.7143624203942247e-07, 18266.118231840763, -6269.620046369307]
  - [-0.11304751142859705, 6.204244442708485e+17, 312273289210626.06, 167322548315472.72,
    -6.81610700750823e-17, -1.3436331095061336e-10, 0.6716201013942454, -1.1721409370236453]
  - [-0.06078575869148154, 1.2427761033743558e+16, 167322548315472.72, 159826695929815.75,
    -1.8131947206165152e-16, -8.724047684358808e-11, -0.9462194116675566, 0.24487649904299305]
  - [6.653513413248329e-29, -3.553099173158504e-11, -6.81610700750823e-17, -1.8131947206165152e-16,
    6.9231255115368455e-43, 2.461114171764018e-39, -2.56893397653738e-29, -3.793666675854159e-30]
  - [4.1486514348029445e-26, -3.7143624203942247e-07, -1.3436331095061336e-10, -8.724047684358808e-11,
    2.461114171764018e-39, 1.0222610974925915e-33, 1.40037937775711e-24, -1.1712821869663728e-24]
  - [-7.542331617448456e-15, 18266.118231840763, 0.6716201013942454, -0.9462194116675566,
    -2.56893397653738e-29, 1.40037937775711e-24, 9.473855425784395e-14, -2.044384371146541e-14]
  - [9.784949756136144e-16, -6269.620046369307, -1.1721409370236453, 0.24487649904299305,
    -3.793666675854159e-30, -1.1712821869663728e-24, -2.044384371146541e-14, 1.5227128069409139e-13]
  cov_log10:
  - [0.07976301601667417, -0.08077299052689978, -0.003908229427717639, -0.008039718710778687,
    0.060767934647985605, 0.03327437756601897, -0.02405782312003998, -0.00040550549183530216]
  - [-0.08077299052689978, 0.10688634646681497, 0.016726342619632222, 0.0026212826549657712,
    -0.05694681793279029, -0.03847548836231075, 0.045928937917026035, -0.017119501126777632]
  - [-0.003908229427717639, 0.016726342619632222, 0.020632368911919458, 0.03927409118650812,
    -0.00041600667558215534, -0.032688942873747885, 0.002411428259249001, -0.008173667790700636]
  - [-0.008039718710778687, 0.0026212826549657712, 0.03927409118650812, 0.1663215457462176,
    -0.014462225353439752, -0.1180959934728421, -0.03451566477395539, 0.03064298963437514]
  - [0.060767934647985605, -0.05694681793279029, -0.00041600667558215534, -0.014462225353439752,
    0.10717452097924886, 0.05375053267369532, 0.001350930762240288, -0.005907012614072472]
  - [0.03327437756601897, -0.03847548836231075, -0.032688942873747885, -0.1180959934728421,
    0.05375053267369532, 0.4598521919996685, 0.06336924516990625, -0.039291351092135024]
  - [-0.02405782312003998, 0.045928937917026035, 0.002411428259249001, -0.03451566477395539,
    0.001350930762240288, 0.06336924516990625, 0.06738733980657241, -0.01781161247621236]
  - [-0.00040550549183530216, -0.017119501126777632, -0.008173667790700636, 0.03064298963437514,
    -0.005907012614072472, -0.039291351092135024, -0.01781161247621236, 0.10231635959115211]
  length of chains: [30001, 30001, 30001, 30001, 30001, 30001, 30001, 30001, 30001,
    30001, 29904, 30001, 30001, 30001, 30001, 30001, 30001, 30001, 30001]
  max_samples: 30000
  mean: [1.1892502941761858e-07, 130586606207.1556, 55135787.1378403, 14069351.499976493,
    9.540000664299842e-22, 1.0532174924824437e-17, 3.9917042899616624e-07, 4.909433130478651e-07]
  mean_log10: [-6.924726732479784, 11.115898635219143, 7.741433579094984, 7.148274079917159,
    -21.02045159505463, -16.9774819364768, -6.398841639227031, -6.308968650955982]
  proposal_std: 0.2
  surrogate_is_updated: true
  time_limit: 28800
  type: DAMH
