best_fit_L2:
  parameters: [9.729943727450337e-08, 135712072267.43982, 52147046.45969758, 2558152.212440673,
    6.5775315119605035e-22, 2.528768273538491e-17, 4.537676688653157e-07, 1.6708898342253374e-07]
  parameters_log: [-16.14547263117813, 25.633801362744343, 17.769578102326815, 14.754795763823111,
    -48.77321252107618, -38.21621424511227, -14.6056805124774, -15.604739331570276]
  parameters_log10: [-7.011889671440638, 11.132618482043926, 7.717229715589393, 6.407926381837853,
    -21.181937062597974, -16.597090965884703, -6.343166451010794, -6.777052183239609]
  type: accepted
best_fits_L2:
- {n: 75.9991882093159, t: accepted}
- {n: 76.09511900968387, t: accepted}
- {n: 76.1354414010913, t: accepted}
- {n: 76.1567307653385, t: accepted}
- {n: 76.17007065610291, t: accepted}
- {n: 76.2077127611634, t: accepted}
- {n: 76.21227156796338, t: accepted}
- {n: 76.22447084265391, t: accepted}
- {n: 76.22846426839448, t: accepted}
- {n: 76.2297733819564, t: accepted}
- {n: 76.25257447988167, t: accepted}
- {n: 76.27728633866349, t: accepted}
- {n: 76.2873323812963, t: accepted}
- {n: 76.2966626686711, t: accepted}
- {n: 76.30056073371169, t: accepted}
- {n: 76.30935681298655, t: accepted}
- {n: 76.3150586622312, t: accepted}
- {n: 76.3185328751464, t: accepted}
- {n: 76.3224333661968, t: accepted}
- {n: 76.33294873199152, t: accepted}
estimated_distributions:
- {mu: 1.455310365679963e-07, mu_log10: -6.9259576836599885, name: storativity, sigma: 1.1248250449536026e-07,
  sigma_log10: 0.27248130394464737}
- {mu: 113247723886.34966, mu_log10: 10.966503270159365, name: young\_modulus, sigma: 80956971380.94948,
  sigma_log10: 0.2875569438704557}
- {mu: 56531168.30673421, mu_log10: 7.747196172799298, name: init\_stress\_x, sigma: 8394047.07006358,
  sigma_log10: 0.06779969887769485}
- {mu: 10951937.461332511, mu_log10: 6.9761696532905875, name: init\_stress\_y, sigma: 5055741.444586205,
  sigma_log10: 0.2804081571342127}
- {mu: 1.4975909358199446e-21, mu_log10: -20.91626724901976, name: perm\_kr, sigma: 1.2621628370441322e-21,
  sigma_log10: 0.2736985009494216}
- {mu: 8.111619238359402e-18, mu_log10: -17.842391701377235, name: perm\_km, sigma: 4.359115929905037e-17,
  sigma_log10: 0.6750139652284217}
- {mu: 4.200230292710023e-07, mu_log10: -6.449581936804994, name: perm\_beta, sigma: 3.9002607133652137e-07,
  sigma_log10: 0.22415305357138354}
- {mu: 6.73639974092211e-07, mu_log10: -6.311150183179228, name: perm\_gamma, sigma: 7.986240764589913e-07,
  sigma_log10: 0.34398182707682434}
mode: [9.45262964893482e-08, 122425065619.74162, 57243539.67444325, 10900862.109877136,
  1.0523901500910006e-21, 1.0209789570308222e-18, 3.376883679706787e-07, 5.805695375753276e-07]
no chains: 19
no parameters: 8
samplers_list:
- N samples [a, r, pr, all]: [13581, 24050, 0, 37631]
  SD: [1.1812459389774022e-07, 88150028593.366, 8360920.669785577, 4974675.210161902,
    1.1723591456113843e-21, 3.885167358496256e-17, 3.448903411062377e-07, 7.369846365029599e-07]
  SD_log10: [0.2810276902075737, 0.29481293187314334, 0.06752601322582327, 0.2623664152113069,
    0.26647484918237313, 0.6536409390907741, 0.21681319809431854, 0.3222353534603302]
  acceptance ratio [a/r, a/all]: [0.5646985446985447, 0.3608992585899923]
  accepted,rejected,pre-rejected,sum,seed:
  - [596, 1330, 0, 1926, 2]
  - [573, 1367, 0, 1940, 1002]
  - [776, 1295, 0, 2071, 10002]
  - [783, 1295, 0, 2078, 11002]
  - [761, 1167, 0, 1928, 12002]
  - [721, 1343, 0, 2064, 13002]
  - [711, 1200, 0, 1911, 14002]
  - [754, 1332, 0, 2086, 15002]
  - [762, 1149, 0, 1911, 16002]
  - [765, 1342, 0, 2107, 17002]
  - [758, 1305, 0, 2063, 18002]
  - [603, 1290, 0, 1893, 2002]
  - [607, 1216, 0, 1823, 3002]
  - [736, 1221, 0, 1957, 4002]
  - [768, 1234, 0, 2002, 5002]
  - [686, 1234, 0, 1920, 6002]
  - [764, 1194, 0, 1958, 7002]
  - [711, 1312, 0, 2023, 8002]
  - [746, 1224, 0, 1970, 9002]
  adaptive: true
  corr:
  - [1.0, -0.5415725883529167, -0.166022614504462, -0.054057224819222614, 0.5829785171731818,
    -0.05600219443705942, -0.149207361384612, -0.07793024213305035]
  - [-0.5415725883529167, 1.0, 0.03272639349692283, 0.01207109816398163, -0.411287236777266,
    0.03919073436593103, 0.041749431708825266, -0.017738783630840645]
  - [-0.166022614504462, 0.03272639349692283, 1.0, 0.6588913548270751, -0.06098351111898805,
    -0.04626424820741246, 0.18895646768361135, -0.23770704649613855]
  - [-0.054057224819222614, 0.01207109816398163, 0.6588913548270751, 1.0, 0.14711402624535022,
    -0.011743001944226141, 0.13521288973636658, -0.00022399104971605808]
  - [0.5829785171731817, -0.411287236777266, -0.060983511118988046, 0.14711402624535022,
    1.0, 0.00734922449820378, -0.038313952655107585, 0.0631655361090477]
  - [-0.05600219443705942, 0.03919073436593103, -0.04626424820741246, -0.01174300194422614,
    0.00734922449820378, 1.0, 0.09793916247435609, -0.0011221803134686102]
  - [-0.149207361384612, 0.041749431708825266, 0.18895646768361135, 0.13521288973636658,
    -0.038313952655107585, 0.09793916247435609, 1.0, 0.2347086585861351]
  - [-0.07793024213305036, -0.01773878363084064, -0.23770704649613855, -0.0002239910497160581,
    0.0631655361090477, -0.0011221803134686102, 0.2347086585861351, 1.0]
  corr_limit: 0.3
  corr_log10:
  - [1.0, -0.9439905494294114, -0.06974524587687926, -0.13739276685491061, 0.6111870838542693,
    0.06948691065769899, -0.21596125271195035, -0.16467269899166093]
  - [-0.9439905494294115, 1.0, 0.303534979383751, 0.09348674529763346, -0.6595106399497813,
    -0.15302367103403391, 0.2926699204315914, 0.03526693390367303]
  - [-0.06974524587687926, 0.303534979383751, 1.0, 0.4591173017458878, 0.03215347471598903,
    -0.11339424567099703, 0.34878514255280385, -0.22259607601245762]
  - [-0.13739276685491061, 0.09348674529763344, 0.4591173017458878, 1.0, 0.30097436171935527,
    0.16621485564066663, 0.2887754352724925, 0.4152250016716503]
  - [0.6111870838542693, -0.6595106399497813, 0.03215347471598903, 0.30097436171935527,
    0.9999999999999998, 0.27262451471865706, 0.08267172021377082, 0.2150079539614201]
  - [0.069486910657699, -0.15302367103403391, -0.11339424567099701, 0.16621485564066663,
    0.27262451471865706, 1.0, 0.19353535598337485, 0.07099899381091183]
  - [-0.21596125271195038, 0.29266992043159135, 0.34878514255280385, 0.2887754352724925,
    0.08267172021377082, 0.19353535598337482, 1.0, 0.31934871923789676]
  - [-0.16467269899166093, 0.03526693390367303, -0.22259607601245765, 0.4152250016716503,
    0.2150079539614201, 0.07099899381091183, 0.31934871923789676, 1.0]
  cov:
  - [1.3953790302106614e-14, -5639.375271467811, -0.1639733295215937, -0.031766571243929266,
    8.073560250546819e-29, -2.5701983478017567e-25, -6.0788740576973775e-15, -6.784476206817322e-15]
  - [-5639.375271467811, 7.770633932350755e+21, 2.41204965169742e+16, 5293531550422231.0,
    -4.250498829942129e-11, 1.3422305688562492e-07, 1269.3038367142112, -1152.4345331527945]
  - [-0.1639733295215937, 2.41204965169742e+16, 69906851202125.27, 27405906945232.285,
    -5.977763637429074e-16, -1.5028681429327253e-11, 0.5448894904283608, -1.4647588423820497]
  - [-0.031766571243929266, 5293531550422231.0, 27405906945232.285, 24748050765345.344,
    8.580073811126484e-16, -2.269682613414711e-12, 0.23199327353825686, -0.0008212310593169252]
  - [8.073560250546819e-29, -4.250498829942129e-11, -5.977763637429074e-16, 8.580073811126484e-16,
    1.374462472606029e-42, 3.3475221266099348e-40, -1.5492096765887062e-29, 5.457714732126449e-29]
  - [-2.5701983478017567e-25, 1.3422305688562492e-07, -1.5028681429327253e-11, -2.269682613414711e-12,
    3.3475221266099348e-40, 1.5094926331182936e-33, 1.312377222414549e-24, -3.2132339471501235e-26]
  - [-6.0788740576973775e-15, 1269.3038367142112, 0.5448894904283608, 0.23199327353825686,
    -1.5492096765887062e-29, 1.312377222414549e-24, 1.189525068175094e-13, 5.965956917674501e-14]
  - [-6.784476206817322e-15, -1152.4345331527945, -1.4647588423820497, -0.0008212310593169252,
    5.457714732126449e-29, -3.2132339471501235e-26, 5.965956917674501e-14, 5.431607810225648e-13]
  cov_log10:
  - [0.07897866037018622, -0.07821225820492188, -0.0013235683339896287, -0.010130543835428663,
    0.04577106755579594, 0.012764473264772458, -0.013158979265635596, -0.014912671090004211]
  - [-0.07821225820492188, 0.08691697335138707, 0.006042795830595891, 0.007231299458994421,
    -0.05181268475628626, -0.029488720335635533, 0.018707763457270783, 0.00335041770802685]
  - [-0.0013235683339896287, 0.006042795830595891, 0.0045598835746196, 0.00813419436366513,
    0.0005785844831504929, -0.005005101697948314, 0.005106535282491717, -0.004843656487907978]
  - [-0.010130543835428663, 0.007231299458994421, 0.00813419436366513, 0.06883796419641311,
    0.021042895760305297, 0.028505512833395603, 0.01642728301227861, 0.035105604736199475]
  - [0.04577106755579594, -0.05181268475628626, 0.0005785844831504929, 0.021042895760305297,
    0.07101073132197236, 0.04748669135562148, 0.004776507348486846, 0.01846271106629938]
  - [0.012764473264772458, -0.029488720335635533, -0.005005101697948314, 0.028505512833395603,
    0.04748669135562148, 0.4272578254048757, 0.027428168678711992, 0.014954646824099506]
  - [-0.013158979265635596, 0.018707763457270783, 0.005106535282491717, 0.01642728301227861,
    0.004776507348486846, 0.027428168678711992, 0.047009211452519226, 0.0223118517688792]
  - [-0.014912671090004211, 0.00335041770802685, -0.004843656487907978, 0.035105604736199475,
    0.01846271106629938, 0.014954646824099506, 0.0223118517688792, 0.10383838101123045]
  length of chains: [1927, 1941, 2072, 2079, 1929, 2065, 1912, 2087, 1912, 2108, 2064,
    1894, 1824, 1958, 2003, 1921, 1959, 2024, 1971]
  max_samples: 50000
  mean: [1.4471740674512403e-07, 116354775638.08064, 56693479.75108424, 11205665.603805318,
    1.4602612548150163e-21, 7.408379725648982e-18, 4.1730831827693706e-07, 6.613583025372506e-07]
  mean_log10: [-6.839479228392394, 11.065784213069266, 7.7535331140789, 7.049437658236047,
    -20.835569437794845, -17.13027676545578, -6.379542958337016, -6.179563190052553]
  proposal_std: 0.02
  sample_limit: 10
  surrogate_is_updated: true
  target_rate: 0.5
  time_limit: 57600
  type: MH
