best_fit_L2:
  parameters: [8.215299690200347e-08, 94876790925.90756, 46688857.274439394, 13871594.559964651,
    3.520794701889558e-22, 2.0594527875819418e-18, 2.3354562730611878e-07, 4.504174819157975e-07]
  parameters_log: [-16.314682512276402, 25.27584494917345, 17.65901609190868, 16.44535375035249,
    -49.398185314158404, -40.72409136347526, -15.269888372904807, -14.613090946673921]
  parameters_log10: [-7.085376589085123, 10.977159986868209, 7.6692132445566665, 7.1421263867250335,
    -21.453359297973247, -17.68624815968118, -6.631628259631182, -6.34638476169085]
estimated_distributions:
- {mu: 1.0787049803492135e-07, mu_log10: -7.000934476716862, name: storativity, sigma: 4.2390377182970944e-08,
  sigma_log10: 0.1746716284385984}
- {mu: 117563528007.77257, mu_log10: 11.028642106726705, name: young_modulus, sigma: 53266099444.54441,
  sigma_log10: 0.19072142135257703}
- {mu: 59491570.79804408, mu_log10: 7.765460267198532, name: init_stress_x, sigma: 11884911.049388008,
  sigma_log10: 0.08950479664639187}
- {mu: 15105149.752698498, mu_log10: 7.1256137141208145, name: init_stress_y, sigma: 7261499.235894854,
  sigma_log10: 0.22435643413747167}
- {mu: 9.604192454624825e-22, mu_log10: -21.084395559491032, name: perm_kr, sigma: 5.721240466180203e-22,
  sigma_log10: 0.2407466537708765}
- {mu: 2.8246087884944565e-18, mu_log10: -17.77661572094095, name: perm_km, sigma: 3.9670258713190426e-18,
  sigma_log10: 0.41541801164945263}
- {mu: 4.4370052419437064e-07, mu_log10: -6.433272648086681, name: perm_beta, sigma: 3.045804405974832e-07,
  sigma_log10: 0.25458701058209665}
- {mu: 4.787236644221118e-07, mu_log10: -6.387127580510094, name: perm_gamma, sigma: 2.756045470698209e-07,
  sigma_log10: 0.24127523944808568}
mode: [9.408943011896469e-08, 97886326226.18784, 51489045.54746808, 13422474.192320269,
  5.572285558420239e-22, 1.6977770142082504e-18, 2.28962842810184e-07, 4.593319838988114e-07]
no chains: 38
no parameters: 8
samplers_list:
- N samples [a, r, pr, all]: [3401, 8712, 0, 12113]
  SD: [2.57705383072149e-08, 36314852093.97332, 7905798.233359574, 4983035.261185607,
    4.358625589680236e-22, 1.8809703430042206e-18, 9.852489705131027e-08, 2.153365962302644e-07]
  SD_log10: [0.11203537545508574, 0.11352671112109596, 0.05922734814087634, 0.153381375677446,
    0.17497823381808844, 0.2565811268486812, 0.11413488322640586, 0.1624258188754423]
  acceptance ratio [a/r, a/all]: [0.39038108356290174, 0.28077272352018495]
  accepted,rejected,pre-rejected,sum,seed:
  - [173, 490, 0, 663, 2]
  - [165, 472, 0, 637, 1002]
  - [179, 465, 0, 644, 10002]
  - [178, 489, 0, 667, 11002]
  - [177, 478, 0, 655, 12002]
  - [179, 451, 0, 630, 13002]
  - [158, 468, 0, 626, 14002]
  - [183, 469, 0, 652, 15002]
  - [170, 482, 0, 652, 16002]
  - [231, 387, 0, 618, 17002]
  - [193, 415, 0, 608, 18002]
  - [196, 431, 0, 627, 2002]
  - [160, 477, 0, 637, 3002]
  - [171, 487, 0, 658, 4002]
  - [153, 492, 0, 645, 5002]
  - [175, 419, 0, 594, 6002]
  - [183, 406, 0, 589, 7002]
  - [153, 491, 0, 644, 8002]
  - [224, 443, 0, 667, 9002]
  corr:
  - [0.9999999999999999, -0.7142588048249568, 0.05657354169008983, -0.05123455971806558,
    0.1484709738704897, -0.09909684974012546, -0.08952287517260694, -0.0585833615937]
  - [-0.7142588048249568, 1.0, 0.3064531599074829, 0.12134561225249686, -0.22883055249934978,
    0.1479638716824491, 0.2877291685367294, -0.13928624548759605]
  - [0.05657354169008983, 0.3064531599074829, 0.9999999999999999, 0.7905462575581844,
    0.20979581979337808, -0.12251542162403739, 0.29169939318030746, -0.004320530121349009]
  - [-0.05123455971806558, 0.12134561225249688, 0.7905462575581843, 1.0, 0.14845723628519955,
    -0.23771657319312628, -0.021809125102482754, 0.20323423783500857]
  - [0.1484709738704897, -0.22883055249934975, 0.20979581979337805, 0.14845723628519955,
    1.0, -0.22556798553875398, 0.0056023583059127595, 0.1266944355752384]
  - [-0.09909684974012545, 0.1479638716824491, -0.1225154216240374, -0.23771657319312628,
    -0.22556798553875398, 1.0, 0.23890420280296001, -0.26298632745857625]
  - [-0.08952287517260696, 0.2877291685367294, 0.29169939318030746, -0.021809125102482754,
    0.0056023583059127595, 0.23890420280296004, 0.9999999999999999, 0.09048366920336731]
  - [-0.058583361593700006, -0.13928624548759605, -0.004320530121349009, 0.20323423783500857,
    0.1266944355752384, -0.2629863274585763, 0.09048366920336733, 0.9999999999999999]
  corr_log10:
  - [1.0, -0.8036629007759046, 0.05107305522687636, -0.06127701294787154, 0.18771012241135007,
    -0.12491690545595331, -0.08073903938389693, 0.026840994166939205]
  - [-0.8036629007759046, 0.9999999999999999, 0.3528120298668991, 0.08180116827367363,
    -0.16006848463342785, 0.12431505843161361, 0.4132721814225988, -0.15833354929535146]
  - [0.05107305522687636, 0.35281202986689914, 1.0, 0.7288307290185829, 0.29368947608910356,
    -0.22769758223237022, 0.3798011075490039, -0.02261965839186982]
  - [-0.06127701294787154, 0.08180116827367362, 0.7288307290185829, 0.9999999999999998,
    0.19527489727513328, -0.3296117215896482, -0.026701564351806005, 0.2264680739793825]
  - [0.18771012241135004, -0.16006848463342785, 0.29368947608910356, 0.19527489727513328,
    0.9999999999999999, -0.29894057013415753, 0.13090644502990717, 0.24621819297871303]
  - [-0.12491690545595331, 0.12431505843161363, -0.22769758223237022, -0.3296117215896482,
    -0.29894057013415753, 1.0, 0.19320394262604756, -0.3096825175360115]
  - [-0.08073903938389693, 0.4132721814225988, 0.37980110754900387, -0.026701564351806005,
    0.13090644502990717, 0.19320394262604756, 0.9999999999999999, 0.0786510318985645]
  - [0.026840994166939202, -0.15833354929535146, -0.02261965839186982, 0.22646807397938248,
    0.24621819297871303, -0.30968251753601145, 0.0786510318985645, 1.0]
  cov:
  - [6.641753903896259e-16, -668.4965521950995, 0.011527055482496112, -0.006579854014303554,
    1.6678247364478514e-30, -4.8039788428027235e-27, -2.273208654790146e-16, -3.251257909758706e-16]
  - [-668.4965521950995, 1.3188771932231426e+21, 8.798930933796997e+16, 2.196029228741448e+16,
    -3.62229362921865e-12, 1.010782498159717e-08, 1029.5559647550315, -1089.296616223162]
  - [0.011527055482496112, 8.798930933796997e+16, 62506797931939.86, 31146035387365.08,
    7.229827246401694e-16, -1.822024583539524e-12, 0.22722862510092603, -0.007355909992080961]
  - [-0.006579854014303554, 2.196029228741448e+16, 31146035387365.08, 24832687289201.688,
    3.2246359759233194e-16, -2.228287214911157e-12, -0.010708138819903018, 0.21809438094046332]
  - [1.6678247364478514e-30, -3.62229362921865e-12, 7.229827246401694e-16, 3.2246359759233194e-16,
    1.89991830698442e-43, -1.8494592740325467e-40, 2.406036626270163e-31, 1.1892160125531915e-29]
  - [-4.8039788428027235e-27, 1.010782498159717e-08, -1.822024583539524e-12, -2.228287214911157e-12,
    -1.8494592740325467e-40, 3.5383410848292214e-36, 4.4277952162319004e-26, -1.065292234805551e-25]
  - [-2.273208654790146e-16, 1029.5559647550315, 0.22722862510092603, -0.010708138819903018,
    2.406036626270163e-31, 4.4277952162319004e-26, 9.70795553312986e-15, 1.919861219002299e-15]
  - [-3.251257909758706e-16, -1089.296616223162, -0.007355909992080961, 0.21809438094046332,
    1.1892160125531915e-29, -1.065292234805551e-25, 1.919861219002299e-15, 4.637367210202475e-14]
  cov_log10:
  - [0.012552960051684802, -0.010222637244539494, 0.0003389261662487104, -0.0010530795718146368,
    0.003680126051020679, -0.0035911777195640443, -0.0010325068690449463, 0.0004884775800757834]
  - [-0.010222637244539494, 0.012889376565978649, 0.002372463437564754, 0.0014245116005796182,
    -0.0031799750860966045, 0.00362144840337299, 0.005355356995868867, -0.0029198589176248177]
  - [0.0003389261662487104, 0.002372463437564754, 0.0035081679342969223, 0.006621515355511325,
    0.003043900835768591, -0.00346051880870983, 0.0025676316031515056, -0.00021762019421265021]
  - [-0.0010530795718146368, 0.0014245116005796182, 0.006621515355511325, 0.0235277857210364,
    0.005241298258487014, -0.012972861552273025, -0.0004674805348861125, 0.005642485856013467]
  - [0.003680126051020679, -0.0031799750860966045, 0.003043900835768591, 0.005241298258487014,
    0.03061990620609233, -0.01342237580110899, 0.00261456386935742, 0.0069983399052330995]
  - [-0.0035911777195640443, 0.00362144840337299, -0.00346051880870983, -0.012972861552273025,
    -0.01342237580110899, 0.06583930156736682, 0.0056584162264069005, -0.012907206576387463]
  - [-0.0010325068690449463, 0.005355356995868867, 0.0025676316031515056, -0.0004674805348861125,
    0.00261456386935742, 0.0056584162264069005, 0.013027845410632753, 0.0014581885629852812]
  - [0.0004884775800757834, -0.0029198589176248177, -0.00021762019421265021, 0.005642485856013467,
    0.0069983399052330995, -0.012907206576387463, 0.0014581885629852812, 0.026384321408328054]
  length of chains: [664, 638, 645, 668, 656, 631, 627, 653, 653, 619, 609, 628, 638,
    659, 646, 595, 590, 645, 668]
  max_samples: 10000
  mean: [1.008859309705272e-07, 121881471866.65329, 59223337.308078654, 12865634.940119827,
    1.0528125436780078e-21, 1.8301307983137696e-18, 3.7424701677728045e-07, 5.359066505208165e-07]
  mean_log10: [-6.996169393999835, 11.08593769021511, 7.7724928767723815, 7.109431224218024,
    -20.97764894932122, -17.73751787040293, -6.426841652848181, -6.270910853393838]
  proposal_std: 0.02
  surrogate_is_updated: true
  time_limit: 18000
  type: MH
- N samples [a, r, pr, all]: [1855, 9763, 74464, 86082]
  SD: [4.501211573665384e-08, 54376501273.227425, 11615435.505240314, 7429086.635132292,
    6.231404249945585e-22, 5.163407277997142e-18, 3.2650115542086343e-07, 2.732211073763692e-07]
  SD_log10: [0.18340649010020804, 0.19532565311483377, 0.08667328620363159, 0.22022697852246312,
    0.24922807807857011, 0.459759124940104, 0.2622924011928293, 0.23874294747070565]
  acceptance ratio [a/r, a/all]: [0.19000307282597562, 0.021549220510675867]
  accepted,rejected,pre-rejected,sum,seed:
  - [154, 466, 7442, 8062, 3]
  - [106, 470, 5052, 5628, 1003]
  - [90, 547, 2892, 3529, 10003]
  - [54, 529, 2232, 2815, 11003]
  - [119, 497, 4780, 5396, 12003]
  - [101, 502, 4136, 4739, 13003]
  - [151, 457, 6630, 7238, 14003]
  - [87, 557, 4395, 5039, 15003]
  - [51, 519, 1801, 2371, 16003]
  - [50, 546, 2021, 2617, 17003]
  - [117, 456, 2780, 3353, 18003]
  - [135, 462, 3954, 4551, 2003]
  - [108, 521, 4157, 4786, 3003]
  - [92, 541, 3120, 3753, 4003]
  - [116, 527, 4542, 5185, 5003]
  - [45, 602, 3022, 3669, 6003]
  - [151, 446, 4040, 4637, 7003]
  - [105, 512, 5431, 6048, 8003]
  - [23, 606, 2037, 2666, 9003]
  corr:
  - [0.9999999999999999, -0.8106292050713451, -0.11715784670062974, -0.17344624547038065,
    0.4435062451027432, -0.11080598885582332, -0.1327111545532331, -0.1868907645736071]
  - [-0.8106292050713452, 1.0, 0.39078081917033264, 0.2623042833661842, -0.25682696940800437,
    0.2032993774849614, 0.3261486477744037, 0.1709222187174506]
  - [-0.11715784670062974, 0.39078081917033264, 1.0, 0.8256557833675586, 0.2081009615816568,
    0.03166984612477052, 0.3836320194575709, -0.05678747248146653]
  - [-0.17344624547038062, 0.2623042833661842, 0.8256557833675586, 0.9999999999999999,
    0.05481068789791773, -0.11135111929744411, 0.12737192713198464, -0.06540527476578135]
  - [0.4435062451027432, -0.25682696940800437, 0.2081009615816568, 0.05481068789791772,
    1.0, -0.11385560631741044, 0.18152494378730874, 0.15083041444568665]
  - [-0.11080598885582332, 0.20329937748496144, 0.03166984612477052, -0.1113511192974441,
    -0.11385560631741044, 0.9999999999999999, 0.33955775746080846, -0.21506668683103183]
  - [-0.13271115455323307, 0.3261486477744037, 0.3836320194575709, 0.12737192713198464,
    0.18152494378730874, 0.33955775746080846, 1.0, 0.11128556788842801]
  - [-0.1868907645736071, 0.1709222187174506, -0.056787472481466525, -0.06540527476578135,
    0.15083041444568665, -0.21506668683103183, 0.11128556788842801, 1.0]
  corr_log10:
  - [1.0, -0.8909638391577209, -0.11174125048415837, -0.1440827743176552, 0.32439718076346213,
    -0.2165686099353865, -0.25438972413572297, -0.148616801357703]
  - [-0.8909638391577209, 1.0, 0.395348329014266, 0.17180434578676482, -0.16405740297555987,
    0.3511970901005333, 0.49830496021367543, 0.15632395328479137]
  - [-0.11174125048415837, 0.3953483290142659, 1.0, 0.7760538721974716, 0.3463872272906403,
    0.20659455172849883, 0.45009723139778596, -0.027004285436817915]
  - [-0.1440827743176552, 0.17180434578676482, 0.7760538721974716, 1.0, 0.11215231585636258,
    0.025611104471796705, 0.12084202066972283, -0.016878356974509016]
  - [0.32439718076346213, -0.16405740297555987, 0.3463872272906403, 0.1121523158563626,
    1.0, -0.09817327725502341, 0.28614447630026746, 0.1565077046461291]
  - [-0.2165686099353865, 0.3511970901005333, 0.20659455172849886, 0.025611104471796705,
    -0.09817327725502341, 1.0, 0.560729774508594, -0.22759593653879542]
  - [-0.25438972413572297, 0.4983049602136755, 0.4500972313977859, 0.12084202066972283,
    0.28614447630026746, 0.560729774508594, 1.0, 0.2068040667801291]
  - [-0.14861680135770297, 0.15632395328479137, -0.027004285436817915, -0.016878356974509016,
    0.1565077046461291, -0.2275959365387954, 0.2068040667801291, 1.0]
  cov:
  - [2.0261140949199387e-15, -1984.1201959139057, -0.06125497255632921, -0.05800090862259002,
    1.2439993019942163e-29, -2.575337117975018e-26, -1.9504131701209303e-15, -2.298457929211779e-15]
  - [-1984.1201959139057, 2.956838232225766e+21, 2.468226672983208e+17, 1.0596369893913574e+17,
    -8.702476471442792e-12, 5.708062712657107e-08, 5790.507244535754, 2539.3880612825155]
  - [-0.06125497255632921, 2.468226672983208e+17, 134919908972227.95, 71248379661740.73,
    1.5062621216299998e-15, 1.8994281829659673e-12, 1.4549233443744143, -0.1802218022344533]
  - [-0.05800090862259002, 1.0596369893913574e+17, 71248379661740.73, 55191969246564.78,
    2.537415835264598e-16, -4.271411734973929e-12, 0.30895761876659966, -0.13276007487420471]
  - [1.2439993019942163e-29, -8.702476471442792e-12, 1.5062621216299998e-15, 2.537415835264598e-16,
    3.883084991809657e-43, -3.6633783389865638e-40, 3.693278039023021e-29, 2.567994810755481e-29]
  - [-2.575337117975018e-26, 5.708062712657107e-08, 1.8994281829659673e-12, -4.271411734973929e-12,
    -3.6633783389865638e-40, 2.6661084367424914e-35, 5.724529606426366e-25, -3.0340925112744533e-25]
  - [-1.9504131701209303e-15, 5790.507244535754, 1.4549233443744143, 0.30895761876659966,
    3.693278039023021e-29, 5.724529606426366e-25, 1.066042426212789e-13, 9.927567762170007e-15]
  - [-2.298457929211779e-15, 2539.3880612825155, -0.1802218022344533, -0.13276007487420471,
    2.567994810755481e-29, -3.0340925112744533e-25, 9.927567762170007e-15, 7.46506405284412e-14]
  cov_log10:
  - [0.03363833129543565, -0.03191825256707771, -0.001776309072846623, -0.005819723164503635,
    0.014828382611452242, -0.018261885282186717, -0.012237846938458965, -0.0065075603580166085]
  - [-0.03191825256707771, 0.03815255387868803, 0.006693133690500842, 0.0073904178639796056,
    -0.0079865116594437, 0.03153883125910657, 0.025529672778514235, 0.00728988051177893]
  - [-0.001776309072846623, 0.006693133690500842, 0.007512345791726095, 0.014813329996330516,
    0.007482541685522723, 0.008232647658889375, 0.010232514237823556, -0.0005587963340042986]
  - [-0.005819723164503635, 0.0073904178639796056, 0.014813329996330516, 0.048500485366719755,
    0.006155747235301916, 0.0025931893520000715, 0.00698038299913608, -0.0008874344493507168]
  - [0.014828382611452242, -0.0079865116594437, 0.007482541685522723, 0.006155747235301916,
    0.06211535632707206, -0.011249304149045647, 0.018705662238030857, 0.009312542887579123]
  - [-0.018261885282186717, 0.03153883125910657, 0.008232647658889375, 0.0025931893520000715,
    -0.011249304149045647, 0.2113809079999957, 0.06761993174725281, -0.02498218711174228]
  - [-0.012237846938458965, 0.025529672778514235, 0.010232514237823556, 0.00698038299913608,
    0.018705662238030857, 0.06761993174725281, 0.06879810276303239, 0.012950316398594562]
  - [-0.0065075603580166085, 0.00728988051177893, -0.0005587963340042986, -0.0008874344493507168,
    0.009312542887579123, -0.02498218711174228, 0.012950316398594562, 0.05699885696693904]
  length of chains: [8063, 5629, 3530, 2816, 5397, 4740, 7239, 5040, 2372, 2618, 3354,
    4552, 4787, 3754, 5186, 3670, 4638, 6049, 2667]
  max_samples: 60000
  mean: [1.0969643311900919e-07, 118585986897.44267, 60413778.563156106, 15500892.489643537,
    9.977148038214272e-22, 3.5353531414587204e-18, 4.7178155276093726e-07, 4.715674455610504e-07]
  mean_log10: [-6.959807493682503, 11.074033372226593, 7.781135999407813, 7.190356704116658,
    -21.00099358379024, -17.451567198634613, -6.326259044566913, -6.3264561838593885]
  proposal_std: 0.05
  surrogate_is_updated: true
  time_limit: 18000
  type: DAMH
