best_fit_L2:
  parameters: [1.500392414351814e-07, 58274119258.57346, 42585403.41500722, 7540856.852885695,
    9.377167970924405e-22, 2.423174488056724e-18, 2.633883223132005e-07, 5.284892996315265e-07]
  parameters_log: [-15.712368967496095, 24.78842390821603, 17.567022109683922, 15.835846374493766,
    -48.41859425051481, -40.56145322142108, -15.1496363830422, -14.453243278517478]
  parameters_log10: [-6.823795140211448, 10.76547571841686, 7.629260765708149, 6.877420696710259,
    -21.027928304511097, -17.615615312040052, -6.579403483995966, -6.2769638014654054]
estimated_distributions:
- {mu: 1.2369835969847653e-07, mu_log10: -6.919762548854776, name: storativity, sigma: 2.9641503086200964e-08,
  sigma_log10: 0.10252394721473321}
- {mu: 93625975609.42624, mu_log10: 10.959246401645864, name: young_modulus, sigma: 21902778860.858498,
  sigma_log10: 0.10393338935907985}
- {mu: 54887295.31504991, mu_log10: 7.733969992887796, name: init_stress_x, sigma: 8481032.716167497,
  sigma_log10: 0.07034319559075572}
- {mu: 10739348.54728627, mu_log10: 6.9950773547951215, name: init_stress_y, sigma: 4430269.419114989,
  sigma_log10: 0.17941405262185553}
- {mu: 1.2458762337830627e-21, mu_log10: -20.93930252282245, name: perm_kr, sigma: 5.253254291392479e-22,
  sigma_log10: 0.17318377784180497}
- {mu: 1.5929140508801567e-18, mu_log10: -17.858749802655023, name: perm_km, sigma: 9.51920751018143e-19,
  sigma_log10: 0.22324031088510182}
- {mu: 3.409934200160998e-07, mu_log10: -6.482990734336296, name: perm_beta, sigma: 9.865485341587693e-08,
  sigma_log10: 0.11354221740316832}
- {mu: 6.07908007933177e-07, mu_log10: -6.246535251888735, name: perm_gamma, sigma: 2.4807025757779765e-07,
  sigma_log10: 0.15823192443044015}
mode: [1.1953955758129526e-07, 85006826689.89117, 49367329.37422292, 9281014.002321796,
  8.3319112472390435e-22, 1.1820274586117545e-18, 2.398823196699269e-07, 5.103608439643653e-07]
no chains: 38
no parameters: 8
samplers_list:
- N samples [a, r, pr, all]: [3451, 3924, 0, 7375]
  SD: [1.3547162854255105e-08, 11877475069.680346, 3053846.793238181, 1561122.44733749,
    3.0051313548125337e-22, 4.0340878067729705e-19, 6.044835044260996e-08, 1.2536644911829495e-07]
  SD_log10: [0.05294135332753371, 0.049354829665050254, 0.023307378202785937, 0.06473488657350378,
    0.0968601873467984, 0.13477593493160073, 0.0708003184843673, 0.08921702222814579]
  acceptance ratio [a/r, a/all]: [0.8794597349643222, 0.4679322033898305]
  accepted,rejected,pre-rejected,sum,seed:
  - [173, 224, 0, 397, 2]
  - [186, 204, 0, 390, 1002]
  - [194, 199, 0, 393, 10002]
  - [196, 190, 0, 386, 11002]
  - [172, 225, 0, 397, 12002]
  - [177, 203, 0, 380, 13002]
  - [171, 200, 0, 371, 14002]
  - [161, 227, 0, 388, 15002]
  - [179, 206, 0, 385, 16002]
  - [214, 181, 0, 395, 17002]
  - [189, 199, 0, 388, 18002]
  - [210, 187, 0, 397, 2002]
  - [172, 228, 0, 400, 3002]
  - [169, 213, 0, 382, 4002]
  - [187, 212, 0, 399, 5002]
  - [164, 198, 0, 362, 6002]
  - [181, 196, 0, 377, 7002]
  - [182, 221, 0, 403, 8002]
  - [174, 211, 0, 385, 9002]
  corr:
  - [1.0, -0.7401712732400668, -0.004427913170940122, -0.16438084696396593, -0.29897353004754684,
    -0.08631690658043494, -0.2277020098396112, 0.04120025244437247]
  - [-0.7401712732400667, 0.9999999999999999, 0.4128743850138929, 0.21374187251296167,
    0.01424424933311525, 0.0315206792823617, 0.2744018630321376, -0.15355402549160868]
  - [-0.004427913170940123, 0.41287438501389284, 0.9999999999999999, 0.7608520172450848,
    0.10662748446270866, -0.10008149517930118, 0.22875602001561066, -0.19415693040717882]
  - [-0.1643808469639659, 0.21374187251296167, 0.7608520172450848, 0.9999999999999999,
    0.23830799481531167, 0.0013450211880259985, 0.1474258062444165, 0.0469142988575639]
  - [-0.2989735300475468, 0.014244249333115248, 0.10662748446270867, 0.23830799481531167,
    1.0, 0.04022891142380143, 0.2509046856132061, -0.132121156284679]
  - [-0.08631690658043495, 0.0315206792823617, -0.10008149517930119, 0.0013450211880259985,
    0.040228911423801424, 1.0, 0.19504217132948154, 0.08866289537634713]
  - [-0.2277020098396112, 0.2744018630321376, 0.22875602001561068, 0.1474258062444165,
    0.25090468561320606, 0.19504217132948154, 1.0, 0.18753709481501213]
  - [0.04120025244437247, -0.15355402549160868, -0.19415693040717882, 0.0469142988575639,
    -0.132121156284679, 0.08866289537634713, 0.1875370948150121, 1.0]
  corr_log10:
  - [1.0, -0.7258408171439941, 0.00938615627206735, -0.17255946406431277, -0.34634050854628223,
    -0.14182344204751257, -0.21186359424335757, 0.075010800776743]
  - [-0.7258408171439941, 0.9999999999999999, 0.44346381956616404, 0.28163817507338357,
    0.04353926309830782, 0.06000451670494122, 0.30480170920714306, -0.13839795839459804]
  - [0.009386156272067347, 0.44346381956616404, 1.0, 0.775651303466761, 0.09307223918577771,
    -0.08483760448865264, 0.25423657191557053, -0.1656455772814182]
  - [-0.17255946406431277, 0.2816381750733836, 0.7756513034667609, 1.0, 0.18810330995293062,
    -0.014585862412517156, 0.17056208128675276, 0.07394388644740113]
  - [-0.34634050854628223, 0.04353926309830783, 0.09307223918577771, 0.1881033099529306,
    1.0, -0.014238078537531635, 0.24968655663249148, -0.15482048155612144]
  - [-0.14182344204751257, 0.06000451670494122, -0.08483760448865264, -0.014585862412517156,
    -0.014238078537531635, 1.0, 0.15690326859451395, 0.08929523250379652]
  - [-0.21186359424335757, 0.3048017092071431, 0.25423657191557053, 0.1705620812867528,
    0.24968655663249145, 0.15690326859451392, 1.0, 0.21264906031141656]
  - [0.07501080077674299, -0.13839795839459804, -0.1656455772814182, 0.07394388644740113,
    -0.15482048155612144, 0.08929523250379652, 0.21264906031141656, 1.0]
  cov:
  - [1.8355044564174916e-16, -119.11417438816099, -0.0001832117964112098, -0.003476924609455512,
    -1.2173158892779035e-30, -4.71789538212401e-28, -1.8649122841777567e-16, 6.998231323462897e-17]
  - [-119.11417438816099, 1.4109349619157431e+20, 1.4977800884484644e+16, 3963779121896489.5,
    5.084940721364832e-14, 1.510510618552433e-10, 197.03999020667473, -228.678533685562]
  - [-0.0001832117964112098, 1.4977800884484644e+16, 9327241697444.41, 3627798444921.814,
    9.786752575123409e-17, -1.2331193629381877e-13, 0.042234073497786524, -0.07434302145393458]
  - [-0.003476924609455512, 3963779121896489.5, 3627798444921.814, 2437432945695.374,
    1.1181441108908022e-16, 8.471692453155371e-16, 0.01391405366576141, 0.009182950931420393]
  - [-1.2173158892779035e-30, 5.084940721364832e-14, 9.786752575123409e-17, 1.1181441108908022e-16,
    9.032035995516715e-44, 4.87759602088596e-42, 4.558431423268746e-30, -4.978240696620068e-30]
  - [-4.71789538212401e-28, 1.510510618552433e-10, -1.2331193629381877e-13, 8.471692453155371e-16,
    4.87759602088596e-42, 1.6276065685890119e-37, 4.756823792662632e-27, 4.4846372669435096e-27]
  - [-1.8649122841777567e-16, 197.03999020667473, 0.042234073497786524, 0.01391405366576141,
    4.558431423268746e-30, 4.756823792662632e-27, 3.654497322966844e-15, 1.4213849185367566e-15]
  - [6.998231323462897e-17, -228.678533685562, -0.07434302145393458, 0.009182950931420393,
    -4.978240696620068e-30, 4.4846372669435096e-27, 1.4213849185367566e-15, 1.5718872460183217e-14]
  cov_log10:
  - [0.0028031660057571735, -0.0018968143349220592, 1.1583371439504645e-05, -0.0005914675920456593,
    -0.0017762429775772923, -0.0010120783939894255, -0.0007942282417904645, 0.00035434418043481393]
  - [-0.0018968143349220592, 0.002436228698512332, 0.000510199482908652, 0.000899949853043309,
    0.00020816838672089595, 0.0003991946320987895, 0.0010652241570390899, -0.0006094889058629663]
  - [1.1583371439504645e-05, 0.000510199482908652, 0.0005433073581789326, 0.0011704613611100549,
    0.0002101443077978053, -0.00026653418210066134, 0.000419590260375876, -0.00034449246888495317]
  - [-0.0005914675920456593, 0.000899949853043309, 0.0011704613611100549, 0.004191172373924871,
    0.0011796111631487687, -0.00012727455790829115, 0.0007818344981291517, 0.0004271172664179169]
  - [-0.0017762429775772923, 0.00020816838672089595, 0.0002101443077978053, 0.0011796111631487687,
    0.009383164917054506, -0.00018589503140870872, 0.0017125151262592443, -0.001338074155588038]
  - [-0.0010120783939894255, 0.0003991946320987895, -0.00026653418210066134, -0.00012727455790829115,
    -0.00018589503140870872, 0.01816700963014519, 0.0014974016087714716, 0.0010738585750672566]
  - [-0.0007942282417904645, 0.0010652241570390899, 0.000419590260375876, 0.0007818344981291517,
    0.0017125151262592443, 0.0014974016087714716, 0.005013363128746789, 0.0013433993786239624]
  - [0.00035434418043481393, -0.0006094889058629663, -0.00034449246888495317, 0.0004271172664179169,
    -0.001338074155588038, 0.0010738585750672566, 0.0013433993786239624, 0.007960753705745161]
  length of chains: [398, 391, 394, 387, 398, 381, 372, 389, 386, 396, 389, 398, 401,
    383, 400, 363, 378, 404, 386]
  max_samples: 10000
  mean: [1.1180032636537221e-07, 108864666726.47467, 58060934.90325333, 10817408.323705813,
    1.2382473955886843e-21, 1.2625901311146994e-18, 3.790530308617563e-07, 5.608064516185011e-07]
  mean_log10: [-6.951556928663608, 11.03688694738061, 7.763884024607179, 7.034123223290462,
    -20.90719257679808, -17.898737609606464, -6.421300026444866, -6.2511869988106605]
  proposal_std: 0.01
  surrogate_is_updated: true
  time_limit: 10800
  type: MH
- N samples [a, r, pr, all]: [1578, 17329, 126429, 145336]
  SD: [3.3958824325958544e-08, 23946258653.11307, 7897243.868050952, 4098369.2886405895,
    5.640654023815951e-22, 8.730670497626874e-19, 1.026136362299571e-07, 2.8925000094780946e-07]
  SD_log10: [0.11554279815288669, 0.11103893354841336, 0.06607398331044712, 0.16838439602794514,
    0.18596450534424397, 0.229276723107354, 0.11579763510179965, 0.17040563560712202]
  acceptance ratio [a/r, a/all]: [0.09106122684517283, 0.010857598943138659]
  accepted,rejected,pre-rejected,sum,seed:
  - [103, 888, 4954, 5945, 3]
  - [83, 913, 5272, 6268, 1003]
  - [93, 908, 8646, 9647, 10003]
  - [143, 819, 10757, 11719, 11003]
  - [89, 884, 6558, 7531, 12003]
  - [45, 895, 5160, 6100, 13003]
  - [54, 908, 3212, 4174, 14003]
  - [96, 896, 7082, 8074, 15003]
  - [93, 954, 7811, 8858, 16003]
  - [58, 950, 9557, 10565, 17003]
  - [67, 941, 4675, 5683, 18003]
  - [25, 1014, 2812, 3851, 2003]
  - [44, 972, 8617, 9633, 3003]
  - [164, 824, 11554, 12542, 4003]
  - [112, 867, 7626, 8605, 5003]
  - [68, 946, 5143, 6157, 6003]
  - [11, 933, 2424, 3368, 7003]
  - [54, 987, 4264, 5305, 8003]
  - [176, 830, 10305, 11311, 9003]
  corr:
  - [1.0, -0.784823771182025, -0.025615069342639515, -0.2569404130868436, 0.1899510391177665,
    -0.4379536698932817, 0.028104988484560965, -0.32216186485913983]
  - [-0.7848237711820251, 1.0, 0.42458134220688526, 0.35159257081787193, -0.1996294268125587,
    0.32771281559560717, 0.24855390190133986, 0.14413809133748404]
  - [-0.025615069342639515, 0.4245813422068852, 0.9999999999999999, 0.7949261478975571,
    0.3022257604445881, -0.10723791054162708, 0.31317539575176867, -0.18677647662900757]
  - [-0.2569404130868436, 0.35159257081787193, 0.7949261478975571, 1.0, 0.18428761055525217,
    0.05881725466591359, 0.04038978109716709, 0.14457552209312788]
  - [0.1899510391177665, -0.1996294268125587, 0.3022257604445881, 0.18428761055525217,
    0.9999999999999998, -0.1557989340338416, 0.16287655617602673, -0.23837096546789724]
  - [-0.4379536698932817, 0.32771281559560717, -0.10723791054162708, 0.05881725466591359,
    -0.1557989340338416, 1.0, 0.09702882221073961, 0.1906687417556583]
  - [0.028104988484560965, 0.24855390190133986, 0.31317539575176867, 0.04038978109716709,
    0.1628765561760267, 0.09702882221073961, 0.9999999999999999, -0.06276403602126363]
  - [-0.32216186485913983, 0.14413809133748404, -0.1867764766290076, 0.1445755220931279,
    -0.23837096546789724, 0.1906687417556583, -0.06276403602126363, 1.0]
  corr_log10:
  - [1.0, -0.8058782109719598, 0.010110600891801016, -0.3207576340351607, 0.20232323064878407,
    -0.5010645350965175, -0.009273953648726999, -0.30823572627464485]
  - [-0.8058782109719599, 1.0, 0.4630877629584726, 0.46342587401835567, -0.12323446006816377,
    0.34730069349562115, 0.2907264929923878, 0.106141033080632]
  - [0.010110600891801016, 0.4630877629584726, 1.0, 0.7510665755745544, 0.3972272137205409,
    -0.10235358464474932, 0.38660402359454676, -0.1604632711560306]
  - [-0.3207576340351607, 0.4634258740183557, 0.7510665755745543, 1.0, 0.21095835063929677,
    0.1580818218458872, 0.11046293551957276, 0.16281441482717995]
  - [0.20232323064878407, -0.12323446006816377, 0.3972272137205409, 0.21095835063929674,
    1.0, -0.18874584735134325, 0.2261543944703439, -0.24035903933207245]
  - [-0.5010645350965174, 0.3473006934956211, -0.10235358464474932, 0.1580818218458872,
    -0.18874584735134325, 1.0, 0.10463297186961955, 0.216265491180463]
  - [-0.009273953648726999, 0.29072649299238784, 0.3866040235945467, 0.11046293551957276,
    0.2261543944703439, 0.10463297186961956, 1.0, -0.05366106770452157]
  - [-0.30823572627464485, 0.106141033080632, -0.16046327115603062, 0.16281441482717993,
    -0.24035903933207245, 0.21626549118046298, -0.053661067704521566, 0.9999999999999999]
  cov:
  - [1.1532096833473533e-15, -638.2127145993448, -0.0068695251731372585, -0.035760134255650264,
    3.638536788962062e-30, -1.2984684509161537e-26, 9.793639717661711e-17, -3.1644856727271007e-15]
  - [-638.2127145993448, 5.734272484939668e+20, 8.029289408127338e+16, 3.4505747127280536e+16,
    -2.6964643285105098e-12, 6.8514371823485745e-09, 610.7539998575484, 998.3729206838809]
  - [-0.0068695251731372585, 8.029289408127338e+16, 62366889777473.95, 25728614999691.887,
    1.346292662129025e-15, -7.393915423183029e-13, 0.25378809722267087, -0.4266522936816218]
  - [-0.035760134255650264, 3.4505747127280536e+16, 25728614999691.887, 16796746382784.271,
    4.260295054077552e-16, 2.1045847729603484e-13, 0.016985981756523372, 0.1713887118505399]
  - [3.638536788962062e-30, -2.6964643285105098e-12, 1.346292662129025e-15, 4.260295054077552e-16,
    3.18171967094251e-43, -7.672634852843685e-41, 9.427490558463228e-30, -3.8891901301756846e-29]
  - [-1.2984684509161537e-26, 6.8514371823485745e-09, -7.393915423183029e-13, 2.1045847729603484e-13,
    -7.672634852843685e-41, 7.622513174479001e-37, 8.69273465547012e-27, 4.815079426981602e-26]
  - [9.793639717661711e-17, 610.7539998575484, 0.25378809722267087, 0.016985981756523372,
    9.427490558463228e-30, 8.69273465547012e-27, 1.0529630781123809e-14, -1.8629118165007674e-15]
  - [-3.1644856727271007e-15, 998.3729206838809, -0.4266522936816218, 0.1713887118505399,
    -3.8891901301756846e-29, 4.815079426981602e-26, -1.8629118165007674e-15, 8.366613864693826e-14]
  cov_log10:
  - [0.013350230050690096, -0.01033928637199636, 7.718862865616224e-05, -0.006240576531678761,
    0.004347320699299839, -0.01327392928141021, -0.00012408248418444457, -0.006068939340482929]
  - [-0.01033928637199636, 0.012329729588508821, 0.003397598561699225, 0.008664836874770845,
    -0.0025447228865267024, 0.00884186513675241, 0.0037382003116244143, 0.002008378362200679]
  - [7.718862865616224e-05, 0.003397598561699225, 0.004365801305949121, 0.008356294854688551,
    0.004880929450903868, -0.001550588291780759, 0.0029580093117325015, -0.001806729235050685]
  - [-0.006240576531678761, 0.008664836874770845, 0.008356294854688551, 0.028353499889505866,
    0.006605894171568544, 0.006103047214209316, 0.0021538780064434874, 0.004671771979557596]
  - [0.004347320699299839, -0.0025447228865267024, 0.004880929450903868, 0.006605894171568544,
    0.03458303516912745, -0.008047674798220873, 0.0048700987585448, -0.0076168860789215895]
  - [-0.01327392928141021, 0.00884186513675241, -0.001550588291780759, 0.006103047214209316,
    -0.008047674798220873, 0.05256817741257737, 0.00277799336775042, 0.008449560760978077]
  - [-0.00012408248418444457, 0.0037382003116244143, 0.0029580093117325015, 0.0021538780064434874,
    0.0048700987585448, 0.00277799336775042, 0.013409184546448254, -0.0010588780386695733]
  - [-0.006068939340482929, 0.002008378362200679, -0.001806729235050685, 0.004671771979557596,
    -0.0076168860789215895, 0.008449560760978077, -0.0010588780386695733, 0.02903828042157123]
  length of chains: [5946, 6269, 9648, 11720, 7532, 6101, 4175, 8075, 8859, 10566,
    5684, 3852, 9634, 12543, 8606, 6158, 3369, 5306, 11312]
  max_samples: 30000
  mean: [1.2467605519908317e-07, 95070850184.24672, 55638814.57733419, 10942973.379005194,
    1.2840063810765402e-21, 1.5386928628536024e-18, 3.5189355064769933e-07, 6.411662034469202e-07]
  mean_log10: [-6.904216947431237, 10.97804737766589, 7.745377868480204, 7.039135342714263,
    -20.89143281796542, -17.812848060662162, -6.453588692652683, -6.19302937783901]
  proposal_std: 0.05
  surrogate_is_updated: true
  time_limit: 28800
  type: DAMH
