best_fit_L2:
  parameters: [1.1711894247810709e-07, 52401973936.27664, 59205741.975543216, 11432832.987272566,
    8.304898751733299e-23, 1.2271405557839392e-18, 3.8375347117961145e-07, 7.429100125208765e-07]
  parameters_log: [-15.960075816161922, 24.68221009810352, 17.896529087980856, 16.25199986046434,
    -50.842611587114334, -41.24184496233352, -14.77326549266673, -14.11269091326354]
  parameters_log10: [-6.931372857716661, 10.71934764678308, 7.772363828131121, 7.058153859292082,
    -22.08066565783409, -17.911105690650874, -6.415947683156887, -6.129063788436519]
estimated_distributions:
- {mu: 1.2154380426963756e-07, mu_log10: -7.014957359987549, name: storativity, sigma: 1.0063477024445113e-07,
  sigma_log10: 0.2802923887362253}
- {mu: 49619355967.78218, mu_log10: 10.642656360745253, name: young_modulus, sigma: 23693219609.15838,
  sigma_log10: 0.22221375614419567}
- {mu: 42254962.951131165, mu_log10: 7.614804975268223, name: init_stress_x, sigma: 9203156.514121784,
  sigma_log10: 0.10039649662851685}
- {mu: 8820914.650959205, mu_log10: 6.871890249443535, name: init_stress_y, sigma: 5225925.916628589,
  sigma_log10: 0.25572769363741116}
- {mu: 4.35207143798571e-22, mu_log10: -21.452581388162717, name: perm_kr, sigma: 2.8513212693207986e-22,
  sigma_log10: 0.28524862252721755}
- {mu: 1.5548106648647974e-18, mu_log10: -18.09767770118738, name: perm_km, sigma: 2.177153598860024e-18,
  sigma_log10: 0.511772473504091}
- {mu: 4.939193154899625e-07, mu_log10: -6.3652516413080855, name: perm_beta, sigma: 2.6692258803736006e-07,
  sigma_log10: 0.22579408485021504}
- {mu: 7.507084465761462e-07, mu_log10: -6.277836152877267, name: perm_gamma, sigma: 6.656155744682746e-07,
  sigma_log10: 0.3696169789414364}
mode: [9.809694146362525e-08, 57064428265.18773, 45019382.54715511, 6297440.427864774,
  3.3389741002329664e-22, 4.222932077286749e-18, 4.886779453313548e-07, 4.102384466541097e-07]
no chains: 38
no parameters: 8
samplers_list:
- N samples [a, r, pr, all]: [322, 5770, 0, 6092]
  SD: [9.04624652408545e-08, 24633108904.71622, 6986517.55014082, 4921743.172858104,
    2.5310066696416114e-22, 1.5188272748509063e-18, 2.4695285376693216e-07, 3.512790870470863e-07]
  SD_log10: [0.2685724593842179, 0.21562564007565874, 0.07311200336694186, 0.2223434910718128,
    0.2277717980032164, 0.4413808423442227, 0.20227396616345153, 0.2528597319052938]
  acceptance ratio [a/r, a/all]: [0.05580589254766031, 0.05285620485883125]
  accepted,rejected,pre-rejected,sum,seed:
  - [22, 302, 0, 324, 2]
  - [18, 305, 0, 323, 1002]
  - [16, 276, 0, 292, 10002]
  - [14, 320, 0, 334, 11002]
  - [15, 293, 0, 308, 12002]
  - [15, 303, 0, 318, 13002]
  - [28, 298, 0, 326, 14002]
  - [14, 319, 0, 333, 15002]
  - [24, 279, 0, 303, 16002]
  - [11, 277, 0, 288, 17002]
  - [14, 291, 0, 305, 18002]
  - [19, 308, 0, 327, 2002]
  - [18, 301, 0, 319, 3002]
  - [15, 322, 0, 337, 4002]
  - [12, 316, 0, 328, 5002]
  - [10, 335, 0, 345, 6002]
  - [15, 297, 0, 312, 7002]
  - [24, 307, 0, 331, 8002]
  - [18, 321, 0, 339, 9002]
  corr:
  - [1.0, -0.5958043319624927, 0.390780742222991, -0.26370055467058046, 0.6515335847907526,
    -0.07072468928458764, -0.028264896873112576, 0.042477136522243095]
  - [-0.5958043319624927, 1.0, -0.21224400029205784, -0.042525475982511246, -0.3740575657442005,
    -0.024362817392989865, 0.036318875266345106, -0.023643293770243986]
  - [0.390780742222991, -0.21224400029205784, 1.0, 0.28853071262221264, 0.014682387581095323,
    0.0352757543690208, -0.16963741465493368, 0.033628235045284574]
  - [-0.26370055467058046, -0.042525475982511246, 0.28853071262221264, 0.9999999999999998,
    -0.20823561192587248, 0.01423688457253916, -0.24321277199931035, -0.12240262187505302]
  - [0.6515335847907526, -0.37405756574420057, 0.014682387581095323, -0.20823561192587248,
    0.9999999999999998, -0.08195034900619409, 0.05135145858540439, 0.0009837618533770083]
  - [-0.07072468928458765, -0.024362817392989865, 0.0352757543690208, 0.01423688457253916,
    -0.08195034900619409, 0.9999999999999999, -0.09039154562977453, -0.19138749524641854]
  - [-0.028264896873112576, 0.036318875266345106, -0.16963741465493368, -0.24321277199931032,
    0.05135145858540439, -0.09039154562977453, 0.9999999999999998, 0.06828688352051795]
  - [0.042477136522243095, -0.023643293770243986, 0.03362823504528458, -0.12240262187505302,
    0.0009837618533770085, -0.19138749524641852, 0.06828688352051795, 0.9999999999999999]
  corr_log10:
  - [1.0, -0.7557675012303852, 0.48882809438168934, -0.22115328788896443, 0.7019796913037579,
    0.07721338512587503, 0.042789253952385475, 0.21511556342196947]
  - [-0.7557675012303852, 1.0, -0.2388165103084342, -0.027420625502641502, -0.5801377299258834,
    0.06624474462786686, 0.03171836112219447, -0.1422679297556755]
  - [0.4888280943816894, -0.23881651030843418, 1.0, 0.2905717651204003, 0.003047520896295883,
    0.05901569425981878, -0.21293988819694312, 0.05513814087591845]
  - [-0.22115328788896443, -0.027420625502641505, 0.2905717651204002, 1.0, -0.2059262294279215,
    -0.03857239433517316, -0.28243146956746856, -0.1895216926608308]
  - [0.7019796913037579, -0.5801377299258835, 0.003047520896295883, -0.20592622942792152,
    1.0, -0.009223738873775216, 0.18152389920617776, 0.1248774962914402]
  - [0.07721338512587504, 0.06624474462786686, 0.059015694259818785, -0.038572394335173156,
    -0.009223738873775216, 1.0, -0.006252173874396029, 0.0018271914266133609]
  - [0.04278925395238548, 0.03171836112219447, -0.21293988819694312, -0.2824314695674685,
    0.18152389920617776, -0.006252173874396028, 1.0, 0.09492749749852002]
  - [0.21511556342196947, -0.14226792975567554, 0.05513814087591846, -0.18952169266083083,
    0.12487749629144018, 0.0018271914266133609, 0.09492749749852, 0.9999999999999998]
  cov:
  - [8.184796972218352e-15, -1327.8908418587482, 0.24702072953902665, -0.11742741025979185,
    1.4920026316740803e-29, -9.718940601936694e-27, -6.315401220044409e-16, 1.3500411926110721e-15]
  - [-1327.8908418587482, 6.068893652861469e+20, -3.653309592355546e+16, -5156540477921231.0,
    -2.3325020453730336e-12, -9.116459311078065e-10, 220.9717424468182, -204.62117499368904]
  - [0.24702072953902665, -3.653309592355546e+16, 48819416255426.625, 9922996170213.2,
    2.59670014190147e-17, 3.743833492762397e-13, -0.2927301949872884, 0.08254451069510205]
  - [-0.11742741025979185, -5156540477921231.0, 9922996170213.2, 24227520435002.74,
    -2.5944082344421033e-16, 1.0644208488220789e-13, -0.2956585535115991, -0.21165719530685742]
  - [1.4920026316740803e-29, -2.3325020453730336e-12, 2.59670014190147e-17, -2.5944082344421033e-16,
    6.407043206084661e-44, -3.1508197428402123e-41, 3.210193389298589e-30, 8.747956941027797e-32]
  - [-9.718940601936694e-27, -9.116459311078065e-10, 3.743833492762397e-13, 1.0644208488220789e-13,
    -3.1508197428402123e-41, 2.3072138417786792e-36, -3.3909495056180865e-26, -1.0212811476309801e-25]
  - [-6.315401220044409e-16, 220.9717424468182, -0.2927301949872884, -0.2956585535115991,
    3.210193389298589e-30, -3.3909495056180865e-26, 6.099569327855446e-14, 5.924813863171444e-15]
  - [1.3500411926110721e-15, -204.62117499368904, 0.08254451069510205, -0.21165719530685742,
    8.747956941027797e-32, -1.0212811476309801e-25, 5.924813863171444e-15, 1.234171929044895e-13]
  cov_log10:
  - [0.07214297136782817, -0.04377449696510941, 0.009600136144744236, -0.01320840480054043,
    0.042949394703568074, 0.009154584160461755, 0.002324915935192868, 0.014611138419643031]
  - [-0.04377449696510941, 0.04650202621886407, -0.003765516087188012, -0.0013148410449825554,
    -0.02849722270376192, 0.006305744713627874, 0.0013836371196943806, -0.0077581497825843886]
  - [0.009600136144744236, -0.003765516087188012, 0.00534623989148915, 0.004724301322481709,
    5.0758221904294484e-05, 0.0019047621717792165, -0.003149609920049363, 0.0010195101399799143]
  - [-0.01320840480054043, -0.0013148410449825554, 0.004724301322481709, 0.049444719123149655,
    -0.010430547649856061, -0.0037860432513659044, -0.012704236495240573, -0.010656978594994676]
  - [0.042949394703568074, -0.02849722270376192, 5.0758221904294484e-05, -0.010430547649856061,
    0.05188848296266724, -0.0009274521283518377, 0.008364593218675666, 0.007193411080093646]
  - [0.009154584160461755, 0.006305744713627874, 0.0019047621717792165, -0.0037860432513659044,
    -0.0009274521283518377, 0.1948489329390612, -0.0005582845253079509, 0.00020396153631893868]
  - [0.002324915935192868, 0.0013836371196943806, -0.003149609920049363, -0.012704236495240573,
    0.008364593218675666, -0.0005582845253079509, 0.040921453747130396, 0.00485604574023292]
  - [0.014611138419643031, -0.0077581497825843886, 0.0010195101399799143, -0.010656978594994676,
    0.007193411080093646, 0.00020396153631893868, 0.00485604574023292, 0.06394850851087101]
  length of chains: [325, 324, 293, 335, 309, 319, 327, 334, 304, 289, 306, 328, 320,
    338, 329, 346, 313, 332, 340]
  max_samples: 10000
  mean: [1.2749826109419876e-07, 51004758870.86257, 42988202.86377313, 8982588.331328394,
    4.612853654055794e-22, 1.473893294878601e-18, 4.606662122160169e-07, 5.885698030475203e-07]
  mean_log10: [-6.894495738385665, 10.707610698743744, 7.633349289670146, 6.953401496583048,
    -21.336030323463316, -17.831533956858827, -6.336613640116013, -6.2302020234226925]
  proposal_std: 0.1
  surrogate_is_updated: true
  time_limit: 10800
  type: MH
- N samples [a, r, pr, all]: [90, 13490, 440000, 453580]
  SD: [1.2412209432519443e-07, 22184064726.314754, 9586713.48385478, 5371650.152736503,
    2.6219202995231934e-22, 2.179818145412521e-18, 2.7924864976051884e-07, 6.618339894588568e-07]
  SD_log10: [0.3173138874684665, 0.24373714677473132, 0.09907617282693003, 0.2424871010787658,
    0.28060386517680186, 0.5701368617929141, 0.22693535789895522, 0.3675654989937532]
  acceptance ratio [a/r, a/all]: [0.006671608598962194, 0.00019842144715375456]
  accepted,rejected,pre-rejected,sum,seed:
  - [6, 826, 28155, 28987, 3]
  - [15, 639, 29346, 30000, 1003]
  - [1, 746, 16436, 17183, 10003]
  - [2, 881, 22329, 23212, 11003]
  - [1, 373, 29626, 30000, 12003]
  - [2, 783, 11593, 12378, 13003]
  - [3, 871, 25039, 25913, 14003]
  - [4, 809, 20781, 21594, 15003]
  - [11, 248, 29741, 30000, 16003]
  - [8, 416, 29576, 30000, 17003]
  - [4, 785, 14120, 14909, 18003]
  - [5, 847, 20192, 21044, 2003]
  - [7, 887, 26752, 27646, 3003]
  - [1, 845, 20015, 20861, 4003]
  - [5, 488, 29507, 30000, 5003]
  - [4, 899, 16143, 17046, 6003]
  - [1, 783, 16896, 17680, 7003]
  - [9, 490, 29501, 30000, 8003]
  - [1, 874, 24252, 25127, 9003]
  corr:
  - [1.0, -0.748471872881011, 0.49176840385484716, -0.21244134280546167, 0.7261800536645736,
    -0.10173715946188132, -0.21916278139559003, -0.2674487348788999]
  - [-0.748471872881011, 1.0, -0.25946873217634486, -0.04672334277217658, -0.7834778490967854,
    -0.1384600307794033, 0.4935528433870746, 0.3105868465248024]
  - [0.4917684038548472, -0.25946873217634486, 0.9999999999999998, 0.2300026427688613,
    -0.03148671421493961, 0.1608020750696566, -0.19187204810431074, -0.06246737558645881]
  - [-0.21244134280546165, -0.04672334277217658, 0.2300026427688613, 0.9999999999999998,
    -0.17468612195403874, 0.38320776945804, -0.011370126379307274, -0.05919457345205233]
  - [0.7261800536645736, -0.7834778490967853, -0.031486714214939614, -0.17468612195403874,
    1.0, -0.03441095083325894, -0.24569042025661228, -0.3250502843754883]
  - [-0.10173715946188132, -0.1384600307794033, 0.1608020750696566, 0.38320776945804,
    -0.03441095083325893, 1.0, -0.15424234338638318, -0.19340264097081633]
  - [-0.21916278139559006, 0.49355284338707467, -0.19187204810431074, -0.011370126379307276,
    -0.2456904202566123, -0.15424234338638318, 0.9999999999999998, 0.3190889039494574]
  - [-0.2674487348788999, 0.3105868465248024, -0.06246737558645881, -0.05919457345205234,
    -0.3250502843754883, -0.19340264097081633, 0.3190889039494574, 0.9999999999999999]
  corr_log10:
  - [1.0, -0.8518130736330876, 0.6156784143674119, -0.25942037917585115, 0.609678626924176,
    0.0017504722357441368, -0.26905760986726374, -0.22852611574851633]
  - [-0.8518130736330874, 0.9999999999999999, -0.2897173288656085, 0.040528050499020155,
    -0.7967458451267793, 0.0119725538361319, 0.2986264143596205, 0.2651072686777683]
  - [0.6156784143674119, -0.2897173288656085, 0.9999999999999999, 0.21081556192063225,
    -0.10757636101128626, 0.26072937735991275, -0.16933124613412592, -0.08709324950122473]
  - [-0.2594203791758512, 0.04052805049902016, 0.21081556192063225, 1.0, -0.23813372984570783,
    0.41978023449601093, 0.050829128480256315, -0.051198359597064244]
  - [0.609678626924176, -0.7967458451267793, -0.10757636101128627, -0.23813372984570783,
    1.0, -0.08287668145208024, -0.10409883411686398, -0.31189268386542923]
  - [0.001750472235744137, 0.011972553836131902, 0.26072937735991275, 0.41978023449601093,
    -0.08287668145208024, 0.9999999999999998, -0.08905242389019248, 0.003484985095293967]
  - [-0.26905760986726374, 0.2986264143596205, -0.16933124613412592, 0.050829128480256315,
    -0.10409883411686398, -0.08905242389019248, 1.0, 0.2695217894514003]
  - [-0.22852611574851636, 0.26510726867776824, -0.08709324950122474, -0.05119835959706424,
    -0.31189268386542923, 0.0034849850952939675, 0.2695217894514004, 0.9999999999999999]
  cov:
  - [1.5406328264345768e-14, -2060.946226602857, 0.5851678024995919, -0.14164355236574422,
    2.3632727867113338e-29, -2.752643213663579e-26, -7.596401967887558e-15, -2.197048617946224e-14]
  - [-2060.946226602857, 4.921338127356481e+20, -5.518192655225131e+16, -5567801036329081.0,
    -4.557097174801149e-12, -6.69555787618246e-09, 3057.5025031858886, 4560.098331132116]
  - [0.5851678024995919, -5.518192655225131e+16, 91905278034972.08, 11844350523671.54,
    -7.914391573425663e-17, 3.3603353262232656e-12, -0.5136573401860287, -0.39634467990654965]
  - [-0.14164355236574422, -5567801036329081.0, 11844350523671.54, 28854688976220.195,
    -2.460291504475914e-16, 4.487074152003793e-12, -0.017055523385505172, -0.21044549831868348]
  - [2.3632727867113338e-29, -4.557097174801149e-12, -7.914391573425663e-17, -2.460291504475914e-16,
    6.87448121247824e-44, -1.9666966587569578e-41, -1.7988698732910562e-29, -5.64053191635774e-29]
  - [-2.752643213663579e-26, -6.69555787618246e-09, 3.3603353262232656e-12, 4.487074152003793e-12,
    -1.9666966587569578e-41, 4.7516176224474734e-36, -9.388926030860615e-26, -2.7901830000550568e-25]
  - [-7.596401967887558e-15, 3057.5025031858886, -0.5136573401860287, -0.017055523385505172,
    -1.7988698732910562e-29, -9.388926030860615e-26, 7.797998030688113e-14, 5.897294399269402e-14]
  - [-2.197048617946224e-14, 4560.098331132116, -0.39634467990654965, -0.21044549831868348,
    -5.64053191635774e-29, -2.7901830000550568e-25, 5.897294399269402e-14, 4.38025195270138e-13]
  cov_log10:
  - [0.10068832515684424, -0.06588037482525354, 0.01935589184573569, -0.0199610217801751,
    0.05428560179017292, 0.00031668273343927225, -0.019374811411606026, -0.02665389087813134]
  - [-0.06588037482525354, 0.0594079276879367, -0.006996266994338366, 0.002395339275525133,
    -0.054492425191666014, 0.001663752035595412, 0.016517832845006665, 0.023750844477757813]
  - [0.01935589184573569, -0.006996266994338366, 0.009816109662531694, 0.0050647905176241115,
    -0.002990753899884554, 0.01472784713798583, -0.003807232952964344, -0.0031716803703551867]
  - [-0.0199610217801751, 0.002395339275525133, 0.0050647905176241115, 0.058800123819859836,
    -0.01620332571796421, 0.058035095809706755, 0.002797077045665695, -0.004563314337454172]
  - [0.05428560179017292, -0.054492425191666014, -0.002990753899884554, -0.01620332571796421,
    0.07873870273866333, -0.013258856796754578, -0.00662891787715604, -0.03216877581434786]
  - [0.00031668273343927225, 0.001663752035595412, 0.01472784713798583, 0.058035095809706755,
    -0.013258856796754578, 0.3250567577924495, -0.01152200316268863, 0.0007303242873442767]
  - [-0.019374811411606026, 0.016517832845006665, -0.003807232952964344, 0.002797077045665695,
    -0.00662891787715604, -0.01152200316268863, 0.051499770200543166, 0.022481834473624864]
  - [-0.02665389087813134, 0.023750844477757813, -0.0031716803703551867, -0.004563314337454172,
    -0.03216877581434786, 0.0007303242873442767, 0.022481834473624864, 0.1351046939011239]
  length of chains: [28988, 30001, 17184, 23213, 30001, 12379, 25914, 21595, 30001,
    30001, 14910, 21045, 27647, 20862, 30001, 17047, 17681, 30001, 25128]
  max_samples: 30000
  mean: [1.5297498952468597e-07, 45770501371.0962, 46239827.04790261, 10001907.027071293,
    4.293398549068475e-22, 1.7329707667746897e-18, 5.143207733789186e-07, 6.737909008383276e-07]
  mean_log10: [-6.815379567870625, 10.660585669724828, 7.665016201011911, 7.000082813237287,
    -21.36719879481261, -17.761208763273114, -6.2887659342018765, -6.171474858214482]
  proposal_std: 0.2
  surrogate_is_updated: true
  time_limit: 28800
  type: DAMH
